BV	M
0.336	2.395
0.6	5.12
0.042	1.606
0.928	1.423
0.821	6.962
1.057	1.928
0.346	3.299
0.413	3.343
0.717	5.212
0.525	5.14
0.514	4.206
1.352	9.506
-0.01	0.9916
0.342	2.914
0.601	4.038
0.771	3.597
0.458	3.714
1.172	2.245
0.519	4.58
0.962	7.255
0.143	2.193
0.436	3.096
0.435	3.056
0.304	3.168
0.733	5.344
0.099	1.485
0.688	3.949
0.438	5.085
1.079	2.191
1.134	2.009
0.512	3.801
0.927	6.691
0.555	4.382
1.509	1.661
0.104	1.586
0.99	-0.1751
0.424	3.925
0.542	4.681
0.052	1.537
0.3	3.349
0.147	1.407
0.692	5.436
0.981	4.269
0.481	3.628
0.461	2.145
0.394	3.468
0.344	2.08
0.762	5.112
1.019	1.68
1.574	1.676
0.38	3.27
0.472	5.417
1.277	2.08
0.943	1.311
0.578	5.266
0.743	5.931
1.007	2.681
0.33	-2.599
0.078	-1.23
0.342	1.986
0.495	2.622
0.589	3.874
0.136	1.724
1.019	2.213
0.427	3.6
0.693	3.697
1.142	2.802
-0.032	0.08782
0.394	3.258
0.487	3.779
0.485	1.893
1.095	3.39
0.856	6.282
-0.079	-0.8416
0.691	4.201
0.464	4.09
0.578	4.146
0.448	2.914
0.373	2.193
0.496	3.664
0.592	4.311
0.434	3.768
0.491	3.63
0.72	4.88
0.634	3.492
0.154	2.048
0.208	1.55
1.589	1.491
1.04	1.789
0.535	2.898
0.507	3.244
0.622	5.794
0.389	3.591
0.578	3.595
0.672	4.249
1.01	2.702
0.567	3.733
-0.029	-0.1468
0.425	2.369
0.596	3.564
0.215	2.228
0.628	3.737
0.682	3.449
0.456	4.074
0.142	2.592
0.21	-3.112
0.895	6.909
0.411	3.248
0.91	0.27
1.614	0.8138
-0.175	-3.449
-0.157	-2.903
0.659	5.49
0.198	2.543
0.611	4.362
0.896	6.331
0.623	5.016
0.613	4.397
1.06	2.534
1.025	1.228
0.704	4.898
0.049	0.9125
0.53	2.947
0.611	4.433
0.411	1.696
0.37	3.522
0.606	10.17
1.159	1.988
0.628	5.58
0.142	5.397
0.658	5.559
0.572	4.368
0.567	10.21
0.022	1.245
0.961	1.871
0.554	4.231
0.647	5.778
1.212	2.301
0.004	1.705
0.576	4.464
0.719	3.265
0.996	1.985
1.058	2.174
0.732	6.032
0.553	3.335
0.551	3.631
0.925	1.4
0.338	2.51
0.035	1.063
1.176	3.423
1.304	3.747
0.559	4.705
0.636	5.566
0.63	2.886
1.123	0.7628
1.185	2.429
0.564	5.026
0.478	4.367
0.849	2.828
0.717	4.595
0.534	3.774
0.542	5.424
0.383	2.289
0.663	4.59
-0.039	0.2102
0.986	1.711
0.41	-2.665
0.556	4.063
0.18	1.783
0.736	6.261
-0.004	8.592
0.985	2.068
0.844	7.06
-0.071	-0.2378
0.57	3.746
0.592	3.709
1.149	7.857
-0.033	-0.2905
0.083	1.268
0.561	1.345
0.861	6.671
0.769	5.624
0.227	2.046
0.994	4.06
0.117	1.91
1.035	1.096
-0.034	0.2644
0.322	2.782
1.144	1.639
0.522	0.6199
0.507	11.62
0.501	2.852
0.497	3.066
0.246	0.4024
0.627	5.762
0.276	2.356
0.3	2.008
0.901	0.3999
0.592	4.999
0.169	1.403
0.497	2.862
0.215	2.312
0.109	2.207
1.33	8.716
0.12	13.08
0.355	2.404
0.559	3.891
0.561	4.335
1.054	2.785
0.611	5.462
0.495	4.002
0.242	1.913
1.076	1.728
0.486	3.749
1.198	4.234
0.495	3.047
0.55	2.95
1.017	1.964
1.034	1.796
0.379	3.928
0.507	3.666
0.14	-3.163
1.176	2.058
-0.014	0.4583
0.313	3.399
0.41	3.303
1.525	2.341
0.092	1.224
0.436	1.78
0.036	1.294
0.029	1.099
1.09	2.902
1.185	2.66
0.41	3.441
0.493	3.412
0.646	4.088
0.21	1.629
1.05	1.608
0.691	4.566
0.356	3.333
0.084	1.886
0.71	4.436
0.239	2.356
0.382	3.335
1.555	2.045
0.457	2.852
0.472	3.46
-0.061	0.5825
0.321	2.939
0.601	4.237
0.032	1.637
0.18	1.62
0.43	3.46
0.389	3.318
0.361	3.497
0.204	0.4782
1.064	7.304
0.034	1.916
0.949	3.234
0.862	6.666
0.61	4.89
0.521	2.195
0	-3.358
0.427	3.316
0.392	4.088
0.469	8.017
0.439	2.875
0.474	2.731
0.367	3.548
1.195	8.515
0.496	3.44
1.059	2.998
0.686	5.229
0.512	3.612
0.59	3.704
0.044	-0.4769
1.627	0.1722
0.266	2.31
0.554	4.244
0.783	5.621
0.547	3.103
0.319	2.625
0.413	4.166
0.422	3.098
0.015	2.653
0.558	5.113
0.604	4.007
0.912	7.442
0.691	6.077
0.518	3.647
1.009	1.523
0.143	2.694
1.109	3.081
1.403	10.18
0.228	2.333
0.105	1.023
1.17	2.111
0.442	3.868
1.086	2.307
0.483	4.243
0.446	4.24
0.913	0.7211
0.571	4.479
0.558	4.6
0.404	3.954
0.426	3.652
0.599	5.11
0.007	0.8429
0.105	0.2112
0.524	3.228
0.739	5.293
0.908	7.254
0.648	6.198
0.427	1.809
0.556	4.342
1.03	3.248
0.328	3.412
0.505	3.065
0.597	4.692
0.519	4.446
0.75	-0.2651
0.33	2.996
1.085	2.16
0.04	1.366
0.939	4.181
1.162	3.003
0.767	3.243
0.453	4.24
0.667	3.589
0.43	2.142
1.105	1.898
0.26	-1.239
0.173	1.373
0.953	0.4981
1.04	2.518
0.56	-1.775
0.466	4.337
0.592	4.995
0.312	1.253
0.454	3.438
1.045	2.369
0.1	1.216
0.651	5.56
0.618	4.245
0.709	5.165
0.142	2.004
0.635	5.224
0.613	5.365
0.54	4.015
-0.003	1.305
1.084	3.029
0.492	2.813
0.762	5.325
0.562	3.96
0.325	2.733
0.074	1.377
0.008	0.1521
0.456	4.306
0.589	4.53
0.439	1.63
1.024	4.032
0.451	2.955
1.069	2.498
0.497	4.4
0.506	3.268
0.371	3.04
0.631	5.521
1.055	2.414
0.486	4.393
0.547	3.987
0.939	2.455
0.505	4.211
0.854	6.631
-0.006	1.348
0.502	3.246
0.641	1.997
1.072	2.23
0.43	2.079
0.514	3.946
0.446	3.78
0.778	6.401
1.098	1.52
0.58	4.59
0.885	1.348
0.377	3.053
1.012	0.4763
1.076	7.775
0.618	4.668
0.959	0.9111
0.246	3.142
0.034	1.485
0.736	4.12
0.521	2.56
1.439	10.1
0.58	3.626
-0.071	0.7297
0.442	3.853
0.368	3.399
0.502	4.204
0.457	3.038
0.509	5.093
1.061	2.803
0.563	5.394
0.496	2.244
0.976	1.601
0.658	5.793
1.115	1.988
1.023	1.885
0.58	2.94
0.033	0.8874
0.302	2.17
0.649	4.76
0.278	1.953
0.458	4.222
0.39	3.439
0.746	5.189
0.583	3.852
0.179	1.637
0.882	6.758
0.488	4.146
0.502	4.647
0.386	3.625
-0.043	0.1855
0.356	3.035
0.453	3.662
0.549	4.806
0.591	4.623
1.079	2.721
0.443	1.891
1.146	2.042
0.47	3.128
0.504	4.736
0.649	3.555
0.579	2.036
0.657	4.937
0.752	5.787
0.394	2.853
-0.073	-0.4846
0.334	0.8567
0.724	5.215
0.877	6.047
0.743	4.207
0.649	3.894
0.528	4.338
0.106	1.758
0.652	4.102
1.252	8.611
0.108	2.965
-0.061	-1.189
0.839	6.724
1.011	2.223
-0.009	1.144
1.447	10.95
0.074	0.3871
1.168	2.711
1.061	7.425
0.476	3.679
0.007	0.4521
0.479	4.56
0.58	4.474
0.387	3.744
0.481	3.876
0.491	3.619
-0.045	-2.095
1.366	-1.056
0.563	3.447
0.602	5.154
-0.029	-0.9246
0.571	4.222
-0.014	1.152
0.381	3.351
0.473	2.721
0.033	0.8882
0.825	-0.7694
0.408	3.713
-0.043	0.6045
0.329	2.022
0.124	2.331
0.826	7.365
0.547	4.712
0.545	4.614
0.108	0.9022
0.059	1.404
-0.021	1.555
0.948	2.948
0.595	3.667
1.066	7.797
0.429	3.83
0.945	2.244
0.547	3.442
0.561	4.858
0.334	3.22
1.051	1.677
0.589	3.97
0.576	3.661
0.163	1.375
0.504	3.536
0.499	3.91
0.424	2.955
0.627	4.381
1.043	2.371
0.582	4.779
0.436	3.578
0.501	4.081
0.018	1.27
0.407	2.811
0.606	4.402
0.551	4.642
0.918	1.568
0.943	1.863
0.59	3.872
0.408	3.253
0.281	3.096
-0.026	-3.427
1.188	1.207
0.113	1.907
0.076	0.8237
0.737	5.78
0.576	4.112
0.932	1.402
0.495	3.616
-0.003	0.4419
0.476	4.309
0.491	3.435
0.663	5.226
0.649	4.793
0.647	5.284
0.996	2.594
0.622	5.108
0.082	1.668
0.399	3.537
0.085	1.956
0.034	-0.01219
0.55	4.81
0.647	3.235
0.139	1.504
0.389	2.667
0.025	0.7404
-0.001	-0.4554
0.34	2.825
0.606	5.115
0.623	3.649
0.525	5.259
0.122	2.801
0.834	0.9163
0.516	3.993
0.488	3.786
0.84	6.05
1.213	2.73
0.08	-3.459
1.021	1.892
1.136	8.436
0.002	0.9876
0.775	6.146
0.472	3.444
0.46	4.239
0.507	4.332
0.579	4.105
0.734	5.143
0.677	6.036
0.636	3.86
0.38	0.7696
0.684	3.23
0.345	3.608
-0.004	1.075
0.5	3.547
0.484	4.406
0.48	4.007
0.36	-3.378
-0.005	-0.833
0.524	4.902
0.252	0.5144
0.295	2.782
0.557	4.297
0.355	2.285
0.646	5.878
0.49	3.146
0.01	-5.509
0.639	4.851
0.614	4.913
1.249	2.209
0.569	4.284
0.445	4.112
0.302	2.637
0.933	1.412
1.015	3.535
0.783	5.693
0.561	3.27
0.275	2.438
0.745	5.484
0.944	2.277
0.662	5.108
0.138	-0.511
0.567	3.08
-0.104	0.1567
0.068	0.4544
0.5	4.422
0.701	4.562
0.594	3.787
0.466	1.757
0.39	2.06
-0.154	-1.044
0.557	4.437
0.558	4.116
0.296	2.405
0.322	1.686
0.505	4.094
0.539	4.603
0.883	1.511
0.658	4.725
0.523	4.255
1.002	1.765
0.267	1.393
0.078	0.9559
0.473	4.083
0.921	0.9313
0.625	5.71
0.536	4.986
0.587	4.998
0.779	6.31
1.398	2.617
0.961	1.795
1.318	2.619
1.102	2.77
1.078	1.582
1.066	3.178
1.032	2.014
0.726	5.858
0.369	1.896
0.16	0.4954
0.625	3.363
0.804	6.008
1.148	2.085
0.503	4.359
0.285	0.7997
0.38	2.878
0.536	4.571
0.591	4.089
0.491	2.376
0.587	5.326
0.42	3.566
0.73	3.953
0.578	4.424
0.523	3.81
1.199	2.425
0.967	1.788
0.432	3.247
0.481	3.77
0.512	3.56
0.498	8.757
0.641	3.067
0.55	3.928
0.495	3.058
0.144	2.155
1.014	1.879
1.486	1.407
-0.026	0.8757
0.458	2.62
0.481	3.801
0.738	6.051
0.571	13.23
1.58	1.555
0.537	2.591
0.021	1.154
0.587	4.518
0.548	4.736
0.758	3.977
0.888	7.063
-0.097	-0.4111
0.501	3.899
0.42	4.118
0.561	4.115
0.769	4.836
0.565	3.863
0.446	2.697
0.554	4.448
0.975	1.047
-0.07	0.1591
0.632	3.794
0.253	2.22
0.424	3.355
0.748	5.668
0.02	0.6536
0.513	4.825
0.733	6.28
0.075	1.088
0.899	1.047
0.601	4.781
0.222	2.276
1.016	2.262
-0.031	1.091
1.334	0.8573
0.498	4.244
0.78	6.676
0.42	3.327
0.049	1.25
1.085	2.491
0.422	3.598
0.454	3.356
0.259	2.376
0.743	5.399
0.382	1.751
0.823	6.797
0.4	2.906
1.024	1.862
1.327	1.146
0.707	5.266
0.42	3.282
0.497	4.012
0.623	5.576
0.176	0.5996
0.608	3.541
0.522	3.707
1.08	2.495
0.788	3.935
0.894	7.569
0.535	4.408
0.521	3.805
1.063	2.297
0.498	4.382
0.861	6.617
0.407	1.671
0.611	3.556
0.61	5.422
0.795	3.96
0.545	4.398
0.31	1.912
0.503	2.925
0.876	6.454
0.636	5.373
0.717	5.571
0.953	1.939
0.548	3.542
1.136	2.075
0.24	2.329
0.328	1.492
1.553	1.29
0.503	4.158
0.613	4.778
0.242	3.169
1.539	1.808
0.379	3.199
1.054	1.487
0.635	3.715
0.507	2.694
0.496	3.455
0.641	4.751
0.995	1.466
1.388	1.016
1.532	2.364
0.091	1.242
0.853	6.812
1.136	2.333
0.597	3.161
0.639	4.934
0.998	3.717
0.519	4.518
0.029	0.6662
0.32	1.843
0.324	2.87
0.535	4.562
1.071	2.476
0.975	1.625
0.666	5.498
0.12	-5.46
0.687	6.046
0.842	6.313
0.436	4.742
0.589	4.577
-0.021	0.568
1.06	3.521
0.396	3.618
-0.099	0.08268
0.569	4.1
0.572	3.826
0.357	2.863
0.56	2.866
0.61	-3.403
0.596	4.952
0.465	3.279
0.481	4.744
0.191	2.717
-0.01	-0.1579
0.441	2.399
1.083	2.309
0.478	4.447
-0.173	-1.674
0.071	1.747
0.698	2.608
0.303	3.155
1.274	8.586
0.448	1.463
-0.027	0.2601
-0.033	0.9144
0.866	7.354
0.484	3.319
0.389	3.529
0.486	4.052
0.627	4.969
0.599	3.806
-0.143	-1.81
0.426	3.555
0.604	5.303
1.011	3.682
0.087	1.771
0.444	3.654
1.	11.85
0.714	5.231
1.242	8.707
1.079	1.814
0.399	2.338
0.444	1.995
0.899	3.037
0.281	1.787
0.477	2.753
0.632	5.344
0.319	1.905
-0.059	0.01534
1.255	3.15
0.554	3.926
-0.109	-0.214
0.36	3.559
0.659	5.116
0.038	0.3296
0.512	3.937
1.422	1.877
0.987	1.272
0.472	2.722
0.518	4.528
0.142	2.348
0.533	4.681
0.684	4.715
0.181	2.032
0.574	4.481
0.945	0.3426
0.115	2.087
0.101	0.8245
1.375	1.608
0.453	1.531
-0.11	-1.302
1.405	1.906
0.034	0.5891
0.441	4.585
0.422	3.057
0.297	1.4
0.514	6.448
0.571	4.683
0.391	3.109
-0.088	-1.848
1.303	2.644
0.37	1.52
0.479	3.778
0.032	1.551
0.636	3.751
0.161	1.335
1.161	0.9091
-0.017	0.5662
0.651	5.564
0.434	1.36
0.427	3.674
1.196	2.353
0.588	4.098
0.141	2.526
0.264	2.998
0.635	5.418
0.963	1.233
1.149	2.96
0.16	-3.275
0.332	3.428
0.679	5.211
0.07	-6.105
0.16	-4.879
0.476	4.398
1.417	9.871
0.552	3.444
0.564	4.057
0.529	4.576
0.592	3.953
0.047	1.194
0.163	2.174
0.443	3.823
0.608	5.02
0.071	1.395
1.009	1.008
0.58	3.841
0.533	4.264
0.56	4.131
0.521	4.758
0.469	3.505
0.631	5.076
0.53	4.681
1.041	2.889
0.389	1.485
0.309	2.453
0.479	4.545
0.515	3.47
1.07	1.954
0.963	7.474
-0.15	-1.912
0.355	3.706
0.184	0.2077
0.411	2.45
0.52	4.103
0.649	5.415
0.24	-3.539
0.516	3.854
0.44	3.737
0.307	2.26
0.345	2.925
1.	2.022
0.631	4.934
0.566	4.49
1.507	0.9786
0.622	5.404
0.321	2.756
0.075	2.266
0.644	6.117
0.724	4.958
0.507	3.325
0.612	5.361
0.549	3.745
0.334	3.182
0.406	3.075
1.277	-0.5684
1.576	0.8591
0.189	1.721
0.529	3.691
0.453	4.864
0.992	1.641
0.713	5.925
0.418	3.936
0.824	6.195
0.452	3.131
0.895	1.311
0.538	4.029
0.722	5.787
1.012	6.943
0.302	2.247
0.08	1.508
0.957	1.548
1.18	0.5549
1.105	1.865
1.205	2.947
-0.05	-0.3288
0.513	4.054
0.745	6.421
0.518	2.526
0.033	1.667
0.531	4.161
0.651	5.236
0.448	3.702
0.948	3.789
0.705	6.14
0.238	2.459
0.62	4.74
0.697	5.784
0.488	2.742
0.644	4.958
0.615	5.097
0.92	1.87
0.475	3.243
1.086	1.334
0.269	1.63
0.958	2.2
1.122	1.947
0.675	4.901
0.507	4.174
0.609	5.334
0.849	4.021
0.526	4.124
0.452	4.295
0.444	2.45
0.366	2.73
0.736	3.592
1.36	1.859
0.453	4.001
0.686	5.896
0.38	3.733
0.186	0.4045
0.388	3.507
0.356	3.652
0.469	4.087
0.471	4.121
0.034	1.626
0.18	-3.315
0.853	1.226
0.583	4.983
0.21	-1.693
0.608	3.472
0.609	5.27
0.797	3.496
0.514	2.402
0.994	7.903
-0.1	-0.9195
0.604	3.571
1.111	1.65
0.087	1.766
0.026	1.066
0.795	6.46
0.472	3.224
0.622	4.992
0.849	6.473
0.685	5.891
-0.051	0.288
0.573	3.212
0.087	1.462
0.467	3.858
0.915	7.1
0.504	3.956
0.639	4.783
1.054	1.444
1.069	7.91
1.227	1.481
1.619	2.059
0.986	2.66
0.398	3.188
0.679	5.024
0.585	4.534
0.516	3.872
0.02	0.3021
0.595	5.113
0.523	4.289
0.471	3.869
0.976	2.507
0.847	5.057
0.269	1.764
0.321	3.373
0.894	2.047
0.655	3.99
1.004	0.3871
0.567	4.283
0.406	3.334
0.478	4.342
0.429	3.565
0.981	7.486
0.61	4.458
0.449	3.541
1.019	3.242
0.676	4.51
0.202	2.388
0.551	4.236
1.561	0.6872
0.722	6.056
0.58	4.446
0.639	2.962
0.863	2.576
0.431	2.711
0.468	2.311
0.484	4.055
0.649	4.755
-0.03	0.5016
0.453	3.052
0.493	3.438
0.013	0.3769
0.493	4.098
-0.198	-2.596
0.204	1.976
0.545	4.275
-0.043	1.83
0.651	5.272
0.549	3.709
0.478	3.579
0.16	-3.148
0.866	5.781
-0.035	0.3008
0.625	5.662
-0.152	-0.4804
0.444	2.023
-0.041	0.5722
0.482	4.574
-0.047	0.05454
0.599	5.516
0.112	0.2822
0.282	0.5143
1.03	2.394
0.082	1.817
0.933	1.079
0.382	2.591
0.466	3.376
1.148	1.058
1.404	1.959
0.949	3.308
0.474	4.062
0.018	0.6865
0.471	2.444
0.712	4.345
1.044	2.85
1.34	0.8258
0.696	5.205
0.687	4.85
0.821	5.839
1.585	0.9939
0.588	5.136
0.021	1.484
0.347	2.259
1.147	1.204
0.303	1.932
0.476	2.59
0.514	3.284
0.399	3.132
0.848	6.778
0.786	4.501
0.647	5.042
0.082	1.84
0.524	2.834
0.151	2.016
0.415	3.136
-0.118	-0.3641
0.409	3.492
0.815	2.726
0.928	1.84
0.337	3.336
0.059	1.008
0.458	3.44
0.767	5.916
0.889	7.411
0.163	1.952
0.364	3.212
0.585	5.454
0.694	6.286
0.026	0.9342
0.375	2.716
0.654	5.011
0.292	2.736
0.485	2.584
0.634	4.19
0.61	5.343
0.457	1.314
0.569	4.252
0.415	3.676
0.687	5.529
0.431	3.441
0.753	6.576
0.12	-2.475
0.986	2.044
0.185	2.254
0.528	4.056
0.467	4.296
0	-3.528
1.255	2.325
0.569	3.929
0.5	4.347
0.39	-3.736
0.527	4.29
0.845	6.527
0.62	5.416
0.754	4.411
0.611	4.387
0.434	2.773
0.079	1.139
0.593	5.055
0.413	4.623
0.16	-3.618
0.296	2.647
0.488	1.891
0.504	4.116
0.465	3.466
0.473	4.733
0.909	4.164
0.521	4.442
0.563	5.224
0.607	4.343
0.267	2.485
0.549	9.137
0.462	4.222
0.023	1.33
0.46	4.765
0.577	2.549
0.509	3.973
0.462	2.56
0.545	3.744
0.559	4.001
0.52	3.913
0.096	0.872
0.284	2.408
-0.017	0.2437
0.919	3.224
0.571	4.593
0.071	1.456
0.822	3.749
0.077	0.7823
-0.117	1.179
0.349	2.905
0.599	3.438
0.545	4.998
1.035	2.33
0.822	3.315
1.594	1.177
0.031	0.9132
0.522	3.594
0.467	2.072
0.421	3.406
0.21	-3.685
1.075	1.977
1.347	1.187
1.11	2.137
0.981	2.901
0.507	4.379
0.908	1.033
1.097	2.026
0.604	5.134
0.01	1.403
0.644	3.992
0.107	0.2941
0.495	4.018
0.995	0.6928
1.008	1.754
0.528	3.805
0.346	2.966
0.397	1.577
1.127	2.078
0.025	1.69
-0.055	0.1221
0.398	3.239
-0.066	-0.5457
0.467	4.055
0.06	1.65
1.575	0.3177
0.568	4.873
0.41	2.807
0.87	1.867
0.627	3.497
0.418	2.857
0.026	0.9614
0.509	3.25
1.249	2.42
0.736	6.115
1.05	1.916
1.028	1.779
1.203	1.214
0.474	2.833
0.105	2.438
-0.053	-1.004
0.449	3.403
0.36	1.4
0.842	5.642
0.485	2.752
-0.057	0.6358
0.677	5.141
0.527	3.812
1.084	8.234
1.29	9.473
0.385	2.349
0.772	5.142
0.284	2.269
1.197	2.695
-0.005	0.1402
0.207	1.436
0.526	5.169
0.553	3.523
0.788	3.521
0.172	2.146
0.991	7.359
0.59	5.345
1.22	2.02
0.811	6.238
0.832	6.204
0.703	6.167
0.557	3.986
0.071	1.316
0.483	2.981
1.047	1.464
0.898	7.207
0.549	3.384
0.034	1.015
0.503	2.839
-0.027	-0.6786
0.622	4.544
0.569	5.867
1.033	1.798
0.001	-1.16
1.143	2.001
0.56	-2.173
0.575	3.625
0.533	4.047
0.53	-3.719
0.993	2.202
0.489	4.096
0.488	3.974
0.54	3.746
0.984	2.907
1.102	1.815
0.345	2.656
0.462	3.406
1.143	2.538
0.432	3.502
0.523	3.516
1.088	2.201
1.131	3.193
0.501	4.503
1.009	1.751
-0.046	-0.1853
0.28	-2.478
-0.039	1.466
0.54	3.928
0.547	3.109
0.498	3.15
1.054	2.879
0.64	4.642
0.601	4.757
0.424	3.163
0.255	2.383
0.577	4.188
0.576	6.454
0.155	1.301
1.091	2.512
0.649	5.108
0.42	3.905
0.439	1.481
0.491	3.291
1.057	1.517
0.564	4.521
0.426	3.136
0.334	3.009
0.378	13.13
0.402	2.885
0.667	4.082
0.524	3.799
0.875	4.631
0.519	3.931
0.366	2.708
0.376	2.742
0.701	3.532
1.282	1.309
0.372	2.975
1.095	1.989
0.437	3.995
0.323	2.702
0.778	5.658
0.937	1.227
0.621	3.789
0.354	2.808
0.67	4.577
0.304	3.577
0.444	4.266
-0.02	1.672
0.954	2.177
0.488	3.167
0.887	7.314
0.31	2.178
1.281	1.687
0.413	3.558
0.493	2.764
0.591	5.961
-0.026	0.5225
0.709	6.159
0.408	3.282
0.57	-0.1768
0.858	0.4426
0.895	6.865
0.322	2.516
0.486	4.083
0.599	2.46
0.536	3.696
1.061	2.608
0.728	4.541
0.387	1.735
0.81	-0.7554
-0.131	-0.8498
0.08	0.9425
0.03	-5.021
0.719	4.84
-0.07	-1.44
0.734	4.963
-0.017	0.8179
0.252	2.201
1.573	1.279
0.516	2.827
0.289	2.54
0.498	3.766
0.425	3.353
0.82	6.622
0.557	3.404
0.491	4.154
0.533	1.89
0.371	3.655
0.344	3.112
0.623	5.287
0.407	2.114
0.882	1.96
0.781	4.891
0.584	3.842
1.262	3.914
0.62	4.41
0.404	2.588
1.567	1.017
1.142	2.756
0.814	3.191
0.891	7.704
0.608	4.747
0.996	1.1
0.456	4.006
0.596	5.229
0.731	5.566
-0.097	0.3532
-0.028	1.249
-0.159	-2.175
1.122	2.034
0.381	1.298
0.665	4.451
0.483	4.057
1.621	1.231
0.541	5.099
0.556	4.781
0.452	3.696
0.364	1.975
0.543	4.842
0.492	4.135
1.169	3.198
0.526	2.511
0.486	2.466
0.632	4.326
0.4	-1.64
0.047	1.625
1.052	7.784
0.651	3.93
0.944	1.557
0.126	1.65
1.092	3.544
1.063	3.507
0.161	2.339
0.328	3.309
0.405	3.077
1.408	2.202
0.795	6.43
0.992	0.8736
0.849	6.503
-0.028	0.7605
0.937	1.756
1.225	3.409
0.58	2.832
0.502	3.706
0.592	3.655
1.059	2.012
0.615	5.425
0.466	3.674
1.423	2.155
0.618	5.167
0.002	1.466
0.097	0.8768
0.67	5.584
0.319	2.726
0.786	5.92
-0.09	-0.5311
0.564	4.059
0.965	1.85
0.674	4.57
-0.064	-0.4116
0.709	5.733
0.449	3.348
0.474	3.823
0.033	1.008
0.571	4.242
0.399	2.585
0.914	1.641
0.467	4.318
0.57	3.471
0.599	3.161
0.068	1.837
0.49	3.799
0.961	0.5807
0.389	2.603
1.015	1.972
0	-3.8
1.243	2.928
0.543	3.525
0.505	3.973
0.953	7.127
0.771	5.975
0.578	4.448
0.007	1.925
0.28	1.921
0.512	3.942
0.58	4.421
0.514	3.537
0.08	1.705
0.644	5.122
0.62	4.021
1.279	1.251
0.247	1.882
-0.108	-0.8228
0.387	2.342
0.833	5.178
0.505	2.707
0.487	4.04
0.526	4.08
0.618	5.475
0.351	2.808
0.6	4.15
0.37	2.944
0.484	4.421
0.947	1.719
0.48	-1.659
0.354	2.085
1.105	1.454
0.46	4.109
0.386	1.871
0.301	3.219
0.608	4.776
0.833	6.694
0.495	3.079
0.592	4.73
1.223	2.153
0.262	2.647
0.5	3.919
0.53	3.434
0.085	1.066
0.5	4.019
0.428	3.408
0.908	1.074
-0.04	1.344
0.644	3.932
0.062	1.719
0.059	1.382
0.523	3.572
0.551	4.845
0.531	3.618
0.535	3.703
1.209	2.095
0.578	4.507
0.52	3.854
0.927	1.387
0.516	3.608
1.087	1.264
-0.062	0.4419
0.075	0.9621
0.745	4.091
0.071	1.568
0.544	2.911
1.034	8.282
0.629	5.456
0.04	-4.711
-0.098	-4.16
1.05	3.224
0.532	3.885
0.556	4.693
0.56	3.853
0.501	3.113
0.566	4.89
0.704	5.101
-0.094	-0.5244
0.669	5.184
0.932	2.173
-0.014	0.4468
0.446	5.738
1.22	2.8
-0.018	-0.675
1.016	2.203
0.519	4.151
0.63	6.152
0.467	2.89
0.683	3.607
0.059	1.777
0.431	3.207
0.516	4.5
0.515	3.924
0.231	0.6461
0.682	5.719
0.536	4.364
0.201	2.86
0.479	4.013
-0.158	-1.015
-0.025	0.2254
0.509	4.924
0.308	3.329
1.297	2.278
0.632	5.031
0.615	4.857
0.663	5.963
0.634	5.023
0.24	2.715
0.456	3.742
0.961	1.477
0.505	3.944
0.578	2.444
0.184	2.872
0.011	2.03
0.296	1.389
0.351	1.407
0.394	3.848
0.492	3.341
0.474	4.306
0.514	2.715
1.351	1.504
0.661	5.714
1.131	3.428
0.828	4.122
0.585	4.149
0.58	4.68
0.137	2.008
0.823	7.206
0.479	4.268
0.406	3.32
0.913	1.413
0.9	2.028
0.5	3.909
0.377	3.411
0.931	1.423
1.084	3.523
0.512	3.515
0.058	1.699
0.451	3.775
0.448	3.26
0.95	3.24
0.57	4.974
0.05	0.0745
0.604	4.939
0.746	4.897
0.008	0.1358
-0.03	1.164
0.127	0.9899
0.184	1.299
1.114	1.086
0.592	3.932
0.526	4.147
0.755	6.045
0.613	3.522
0.273	0.9732
0.018	0.8982
-0.012	0.7689
0	0.6046
0.611	4.812
0.547	3.808
0.63	5.425
0.308	2.185
0.339	2.79
0.529	4.017
0.563	3.283
0.565	3.122
0.492	2.248
-0.039	0.7697
0.858	6.421
1.022	2.007
0.485	2.7
0.117	1.815
0.51	4.378
0.357	2.725
0.492	4.222
1.129	1.884
0.453	3.562
0.385	1.672
1.224	2.227
0.49	3.613
1.113	2.654
0.585	4.711
0.59	4.32
0.74	4.304
0.908	2.066
0.774	6.142
0.75	5.926
1.574	1.395
0.526	3.476
0.22	2.186
-0.165	-1.435
0.578	4.414
0.302	1.496
1.071	1.195
0.293	3.117
0.547	4.04
0.272	1.834
1.151	1.929
0.655	5.01
0.459	2.651
0.97	1.943
1.001	2.184
0.636	4.39
0.296	2.915
0.624	5.324
0.349	2.499
1.286	2.992
0.956	7.446
0.625	4.985
0.317	2.704
0.89	6.746
1.556	1.55
0.56	3.107
0.495	3.955
0.422	2.74
0.424	4.039
0.292	1.446
0.449	3.647
0.509	4.435
0.527	3.226
-0.038	0.914
0.715	6.211
0.526	2.52
0.084	2.093
0.584	4.478
0.522	4.751
0.988	1.448
1.287	2.053
-0.053	0.8463
0.498	4.538
0.589	4.545
0.646	4.422
0.473	2.946
0.502	3.013
0.521	4.654
1.079	2.563
0.539	2.599
0.712	5.897
0.564	4.721
-0.024	1.29
1.577	-1.237
0.468	1.789
0.759	6.165
0.469	4.484
0.517	3.446
0.236	1.869
0.729	6.038
0.635	5.082
0.328	3.091
0.469	4.05
0.418	2.813
0.54	2.463
0.646	4.859
1.022	1.754
0.63	9.303
0.317	3.058
0.415	2.232
-0.098	-0.8045
1.018	1.127
0.601	3.299
0.422	3.838
0.916	3.712
0.926	3.435
0.807	6.272
0.527	4.767
0.561	4.451
0.902	4.698
0.709	5.693
-0.129	-1.664
0.552	4.596
0.46	3.826
1.234	9.231
1.136	2.217
0.337	1.93
0.962	2.769
1.055	2.271
0.559	4.654
0.58	4.898
0.658	5.305
0.393	3.169
0.594	5.14
0.724	4.835
0.427	3.443
0.51	4.305
0.535	3.594
0.677	5.262
0.15	-4.543
0.637	4.417
0.59	4.477
0.417	2.668
0.507	5.123
0.41	3.235
0.55	3.038
0.087	1.737
0.557	3.867
0.485	3.74
1.04	1.958
0.544	3.244
1.142	1.973
0.463	3.795
0.287	2.582
0.797	4.573
1.554	1.128
1.019	1.74
0.076	12.35
1.246	1.378
0.33	3.227
0.681	3.844
0.778	5.742
1.466	1.706
0.55	4.38
0.394	3.136
0.446	3.75
1.417	9.841
1.05	1.649
0.85	-0.7831
0.481	3.771
0.151	12.31
0.028	-1.04
1.401	10.16
0.633	3.976
0.448	3.473
0.394	3.02
0.959	1.254
-0.002	0.2156
0.839	7.89
0.382	2.711
1.397	10.22
1.598	1.71
1.077	2.572
0.206	1.066
0.658	5.196
0.427	4.17
0.969	1.889
1.595	2.197
0.456	4.077
0.983	3.49
0.978	1.335
0.327	3.009
0.713	3.202
0.599	3.965
-0.24	-4.985
0.564	4.821
0.519	4.362
0.366	3.046
1.642	0.4331
-0.028	1.529
1.052	1.493
0.717	3.946
0.172	1.031
0.589	4.246
0.566	5.459
0.419	2.157
0.08	2.158
0.44	-2.512
0.577	5.308
0.156	2.36
0.476	2.512
0.46	3.509
0.597	5.267
1.054	2.807
0.662	4.816
0.933	7.094
0.842	-2.856
1.04	7.742
0.221	2.128
0.089	2.198
0.269	1.934
0.556	4.412
0.484	3.358
0.634	5.045
1.23	2.216
0.466	2.917
0.524	3.024
1.583	1.204
0.511	4.225
0.113	0.8117
0.68	5.29
0.821	5.19
0.8	6.23
0.483	4.22
0.134	1.374
0.358	0.9935
0.029	-3.177
0.525	4.212
1.634	2.441
0.601	3.872
0.568	3.997
1.078	1.813
0.687	4.353
1.063	2.196
0.304	2.98
-0.065	0.2001
0.642	5.519
0.658	5.252
0.073	1.239
0.428	2.479
0.023	1.09
0.556	2.602
0.165	1.694
0.483	2.809
0.473	4.221
0.007	1.099
0.376	2.571
0.837	11.14
0.39	3.315
0.598	5.194
0.411	3.532
0.393	2.963
1.428	1.132
0.31	3.404
0.881	3.736
0.494	3.632
0.623	5.424
0.111	0.2461
0.592	4.515
0.614	4.181
0.317	2.564
0.656	5.336
0.099	1.457
0.826	6.866
1.591	0.5259
0.434	2.761
1.089	1.939
1.107	1.369
0.481	2.574
0.138	1.211
0.392	3.223
0.629	5.079
0.031	-0.7122
0.673	5.125
0.044	0.703
0.596	2.442
1.11	1.6
1.033	1.776
0.525	4.748
0.343	3.215
0.54	4.331
0.837	5.977
0.375	2.731
0.658	5.004
0.4	2.597
0.281	3.333
0.364	3.49
0.401	3.991
0.958	1.173
0.778	6.578
0.792	6.172
0.683	5.813
0.172	2.495
0.722	5.995
0.932	1.982
0.589	1.746
0.474	4.357
0.585	4.949
0.427	4.405
0.385	2.208
0.183	1.275
0.392	1.688
0.983	1.759
0.34	-2.398
0.679	5.277
0.618	4.034
1.153	7.694
1.257	2.072
0.152	1.179
0.334	2.842
0.544	4.46
0.528	2.184
0.508	2.929
0.644	5.218
0.485	2.483
0.816	6.456
0.8	5.624
0.446	3.585
-0.102	-0.563
0.15	2.567
1.286	1.274
0.399	3.15
0.611	5.195
0.856	6.699
0.25	2.265
1.092	2.366
0.322	2.383
0.325	3.083
0.49	3.099
0.578	3.564
0.691	5.277
0.336	3.337
0.021	-0.8774
0.487	4.153
0.383	2.878
0.188	2.224
0.554	4.213
0.164	1.484
-0.031	0.1925
-0.016	-0.2754
0.622	4.845
0.507	2.053
0.416	2.85
0.206	2.604
0.468	3.934
0.528	4.253
0.507	4.254
0.879	7.145
0.033	2.561
0.672	5.175
0.489	3.431
0.495	3.903
0.653	4.295
0.549	4.45
0.709	5.987
0.662	5.844
0.311	2.62
0.432	2.328
0.369	3.588
0.666	5.977
0.169	1.775
0.384	3.254
1.639	-0.03261
1.053	1.652
0.663	4.163
0.235	0.4951
0.115	1.642
0.498	4.66
0.484	4.231
0.493	3.566
0.724	4.122
0.179	0.8876
0.372	2.69
0.983	1.815
1.201	3.119
0.644	5.5
0.696	4.188
0.434	2.619
0.436	4.397
0.324	1.795
0.512	2.074
0.448	3.494
0.178	2.396
0.469	3.25
0.537	2.996
0.481	12.09
0.567	3.762
0.464	4.032
0.462	3.86
1.41	1.104
0.687	4.663
1.088	2.117
0.444	4.78
0.429	3.386
0.634	4.954
0.625	5.752
0.64	4.298
0.434	3.697
0.529	4.931
0.978	2.495
0.559	3.737
0.595	3.639
0.572	4.548
0.348	1.278
0.498	3.17
1.369	2.054
1.021	2.051
0.441	2.639
0.65	4.258
0.37	-2.54
0.999	2.192
0.533	4.241
0.316	2.069
0.448	3.822
0.18	2.785
0.603	4.954
0.477	4.561
0.626	3.946
0.72	5.43
0.611	4.319
0.446	3.808
0.922	6.631
0.516	3.934
0.184	3.012
0.857	4.15
0.455	3.891
0.973	1.845
0.887	2.463
0.068	0.08403
0.623	4.073
0.699	5.163
0.507	4.483
0.485	3.182
0.423	2.987
0.414	1.88
0.764	4.159
0.496	2.735
0.322	2.654
0.611	4.988
-0.176	-1.333
0.592	4.4
0.508	2.707
0.474	3.605
-0.003	1.311
0.436	2.962
0.294	1.223
0.071	1.614
1.633	0.3358
0.401	1.638
1.573	0.5532
0.969	7.418
0.503	4.001
1.493	1.719
0.644	5.372
1.046	3.741
0.447	3.721
1.028	0.9525
0.526	4.536
0.637	5.493
0.676	4.774
0.627	4.315
0.36	2.932
0.495	3.883
1.207	2.977
0.571	4.302
0.787	6.308
0.308	2.061
0.514	2.742
0.578	4.221
1.101	2.308
0.703	5.271
0.665	4.489
1.156	1.519
0.421	2.229
0.286	0.5275
0.636	5.035
0.405	2.125
0.331	2.204
0.519	2.985
1.042	4.195
0.46	4.255
-0.092	-1.517
0.621	5.304
0.501	1.641
0.627	3.534
0.517	2.813
0.411	1.293
0.118	1.542
0.551	1.744
0.313	1.302
0.101	-0.262
0.389	2.744
0.753	5.631
1.204	3.113
0.602	4.712
0.293	2.726
0.448	4.057
0.832	5.999
0.464	3.393
1.402	1.516
0.509	3.335
0.514	4.454
0.531	4.792
0.559	4.512
0.545	2.557
0.154	1.075
1.604	0.4858
0.403	3.226
0.573	4.182
0.738	3.112
0.271	1.846
0.075	0.7355
1.03	1.9
0.533	5.15
0.418	3.719
0.335	2.277
0.974	2.509
0.654	4.875
1.473	1.234
0.596	5.187
0.922	1.897
0.163	1.599
0.566	4.883
0.674	4.829
-0.045	0.445
0.525	4.733
0.554	4.71
0.298	1.25
0.639	3.901
0.323	2.457
0.477	3.97
0.486	3.38
0.395	2.176
-0.019	0.8756
0.519	3.427
0.391	2.744
0.347	3.359
1.229	9.529
0.502	3.786
0.609	5.57
1.001	1.401
0.504	4.324
-0.1	-5.395
0.535	4.401
0.901	3.587
0.382	3.809
0.788	5.956
0.467	2.618
0.032	1.244
0.033	0.4952
1.307	1.909
0.578	4.978
0.477	3.638
0.993	1.674
0.236	2.164
0.326	2.816
1.033	2.173
1.27	2.95
0.541	4.735
0.542	5.266
1.154	2.63
0.467	4.021
0.675	4.472
0.687	4.995
0.589	5.351
0.695	4.606
0.705	6.06
0.855	2.226
0.382	2.93
0.415	2.478
0.485	4.118
0.532	3.492
0.171	1.811
0.517	4.35
0.452	3.365
1.114	2.73
0.512	3.338
-0.048	0.2783
0.141	1.649
0.608	4.994
0.585	5.004
0.509	3.903
0.339	3.223
0.64	-0.68
0.403	3.144
0.267	1.177
0.259	2.354
-0.008	-0.2386
-0.08	0.3479
1.054	2.205
0.448	3.418
1.022	1.847
0.894	1.741
0.63	6.069
0.131	1.519
0.123	1.779
0.96	1.231
0.517	4.484
0.643	5.484
1.083	1.989
0.153	1.595
0.425	2.567
0.445	3.591
0.156	0.8785
0.144	2.166
1.287	2.343
0.588	3.855
0.665	5.894
1.372	2.025
0.91	-0.7751
0.726	6.021
1.193	3.06
0.525	4.735
-0.026	1.113
0.601	3.464
0.535	2.171
0.549	3.207
0.709	5.791
0.382	2.349
0.684	5.959
0.12	1.533
0.462	2.307
0.495	3.259
0.448	2.532
0.983	1.852
0.498	4.444
0.401	3.541
0.3	2.049
0.646	4.682
1.011	2.074
0.647	4.63
0.448	3.613
1.105	1.971
0.175	1.418
1.102	2.018
1.186	2.875
0.495	3.527
0.592	4.85
0.429	2.862
1.541	0.437
0.663	4.675
0.677	4.221
0.554	4.711
0.59	4.664
0.743	5.084
0.431	3.461
0.776	4.725
0.155	2.79
0.854	4.148
0.54	3.662
0.668	4.425
1.002	2.061
0.594	3.996
0.474	3.817
0.079	1.926
0.953	1.123
0.698	6.343
0.62	-0.7578
-0.039	0.5218
0.531	4.402
0.934	1.137
0.588	4.5
0.294	1.363
0.669	4.49
0.599	3.569
1.024	8.258
0.736	6.142
0.699	5.89
0.948	8.444
0.462	3.103
0.441	3.451
0.445	3.79
0.505	4.506
0.592	5.046
0.362	2.271
1.302	9.279
0.032	0.7726
0.304	2.701
0.724	5.474
1.006	1.806
0.024	-0.8151
0.141	0.1074
1.461	1.613
0.757	5.224
0.481	3.64
0.531	4.688
0.138	0.3186
0.644	4.683
1.123	2.266
0.592	4.346
1.133	2.042
0.465	2.717
0.128	1.218
0.354	2.93
0.524	4.334
0.185	1.58
0.04	1.272
0.611	4.824
0.708	6.748
1.07	2.919
0.896	7.553
0.045	2.416
0.604	5.552
-0.101	0.5657
0.896	2.216
1.093	2.136
0.469	2.66
0.433	2.776
0.842	0.05084
0.608	4.832
0.292	2.703
1.061	2.212
1.054	2.012
0.395	2.768
1.247	2.107
0.689	5.73
0.047	1.432
0.384	3.461
0.633	4.681
1.392	1.235
-0.006	0.4355
0.596	4.652
1.011	1.854
0.389	2.821
-0.063	-1.229
0.372	1.472
0.426	2.794
0.955	6.983
0.674	4.722
0.189	0.9976
1.658	0.2882
0.941	1.565
0.526	5.17
0.533	12.67
0.099	0.9605
0.333	2.74
0.444	2.877
0.483	3.595
0.71	4.453
1.173	1.264
0.57	2.658
0.5	3.248
1.25	2.578
1.119	1.834
1.078	1.946
0.594	4.157
0.769	6.039
0.673	4.729
0.479	2.415
0.051	1.012
0.585	5.154
0.995	7.401
0.929	3.656
-0.054	0.3637
0.495	4.137
0.467	4.519
0.794	6.156
0.477	8.093
0.415	4.582
0.497	2.367
0.06	-0.2575
-0.008	-0.6148
0.173	1.78
0.169	2.124
0.434	12.24
0.629	4.856
0.021	-0.1598
0.338	2.504
0.688	5.658
0.848	0.7597
0.4	1.288
0.529	4.433
0.661	5.448
0.746	4.958
0.465	1.183
0.948	2.288
0.678	4.776
0.075	0.4395
1.288	9.247
0.732	5.842
0.785	6.477
0.611	5.254
0.474	4.327
1.029	2.271
0.553	4.623
0.308	1.989
0.5	3.791
0.875	7.063
-0.059	-0.419
0.491	2.829
0.056	1.519
0.999	1.54
0.747	6.171
0.535	3.989
0.032	0.04149
0.593	4.333
0.651	5.352
1.151	2.563
0.818	4.669
0.167	0.9949
0.592	3.352
0.038	1.461
0.691	4.592
0.637	5.306
0.585	4.581
0.976	2.422
0.109	1.355
0.978	7.876
0.641	5.631
0.28	2.874
0.366	3.474
0.562	4.684
0.701	3.788
0.085	2.069
0.674	4.546
0.358	2.421
0.462	4.634
0.059	1.774
0.903	1.481
0.58	4.008
0.135	1.575
0.556	4.037
0.842	6.442
1.2	2.782
0.616	5.464
0.615	3.944
0.559	4.927
0.414	2.372
0.61	2.646
1.583	1.333
0.597	5.194
0.944	1.723
0.055	0.9711
1.038	2.565
1.013	1.503
0.407	3.366
0.416	3.535
1.029	3.128
0.25	1.153
1.22	1.59
0.484	3.058
0.419	3.89
0.535	3.598
0.369	2.862
0.613	5.382
0.686	5.459
0.03	-4.433
0.727	6.052
0.438	2.886
-0.006	0.8315
0.748	6.215
0.877	6.174
0.62	3.251
0.335	2.886
1.176	2.493
0.522	4.126
0.106	1.309
1.093	2.079
0.439	3.05
0.517	4.24
0.251	2.769
0.526	3.744
0.681	4.872
0.507	3.669
0.705	5.594
0.586	3.851
0.423	3.025
0.399	2.313
0.125	1.459
0.486	2.522
0.479	4.193
0.671	4.872
-0.006	1.039
-0.028	0.2011
0.549	4.863
0.606	5.339
0.959	2.111
1.169	1.941
1.172	1.556
1.155	3.237
0.016	1.121
0.381	2.969
0.567	4.412
0.771	4.204
0.311	3.355
0.316	2.882
0.898	2.837
0.08	1.445
0.329	2.511
0.104	1.922
0.477	5.409
0.571	4.394
1.571	2.128
0.786	4.986
0.43	3.123
0.811	2.817
0.601	4.663
1.635	2.644
0.861	6.973
0.637	4.957
0.39	2.438
0.533	2.445
0.946	1.184
1.109	9.015
1.601	0.6834
0.8	6.929
0.388	2.751
0.256	2.831
0.372	1.947
-0.135	-2.069
0.96	2.909
0.682	6.275
0.335	1.664
0.553	3.307
0.477	4.361
0.593	4.91
0.586	1.646
0.518	2.14
0.129	-0.2446
0.321	3.044
0.812	6.631
0.18	2.18
0.281	2.316
0.332	4.013
0.506	4.037
0.355	2.504
0.481	4.054
0.115	1.641
1.171	2.015
1.055	1.617
0.38	6.701
0.382	3.613
1.091	1.233
0.641	5.24
0.567	4.827
-0.018	-1.835
0.643	3.142
0.578	4.191
0.903	0.3291
0.169	0.8067
0.618	4.815
0.59	5.682
0.101	0.2105
0.507	3.773
0.259	3.181
0.358	2.529
0.482	4.625
0.651	5.312
0.417	3.381
0.471	2.851
-0.031	1.141
0.669	4.66
0.63	4.753
0.004	-0.4644
0.429	10.65
1.125	3.347
1.615	0.06958
0.507	4.189
0.592	4.062
0.651	5.293
1.4	1.757
0.571	4.933
0.062	2.285
0.332	2.226
1.061	3.583
0.41	3.202
0.191	1.82
1.447	1.564
0.361	2.461
0.474	3.432
1.014	1.777
0.465	3.381
0.502	3.617
1.096	2.519
-0.079	-0.05417
0.694	4.73
0.567	4.111
1.093	2.135
0.567	5.104
1.264	3.179
1.532	1.128
0.594	5.235
0.662	4.092
0.757	6.743
0.469	4.06
0.401	3.387
0.08	-4.28
1.035	2.098
0.469	4.245
0.661	5.361
0.537	3.982
0.516	4.408
1.012	1.413
0.451	3.763
0.705	3.779
0.282	2.344
0.868	6.89
0.62	5.076
0.095	2.146
0.666	4.316
0.741	5.935
1.091	1.797
0.196	1.299
0.328	2.85
0.926	2.18
0.026	0.6985
0.609	4.102
0.764	5.915
0.526	2.742
0.976	1.31
0.453	1.42
0.993	1.683
0.743	3.005
0.623	4.778
0.899	6.966
1.039	1.542
1.077	2.387
0.46	3.899
0.523	4.093
1.416	1.244
0.021	-4.397
0.517	4.074
0.054	1.261
1.327	2.452
0.504	3.483
1.131	2.113
0.133	0.7052
0.089	0.3635
0.669	4.259
0.401	2.708
1.52	1.022
-0.021	0.2812
0.576	4.464
-0.05	0.7809
0.486	3.153
0.411	2.083
0.477	4.315
0.234	1.097
1.152	2.9
0.431	2.935
0.147	0.7629
0.208	2.253
0.528	3.671
0.598	4.166
0.083	1.919
0.11	1.728
0.537	2.511
0.059	0.8775
0.317	3.206
0.472	4.024
0.889	7.151
0.106	1.811
0.442	2.157
0.554	3.421
0.399	3.689
1.087	2.06
0.705	5.758
0.5	2.665
0.451	1.94
0.361	3.504
0.616	3.729
0.637	5.372
-0.02	0.184
0.438	3.789
0.576	4.095
0.062	3.129
0.625	3.887
-0.046	0.1424
0.134	0.8648
0.464	3.222
0.469	3.055
-0.054	1.428
0.684	5.429
-0.074	-0.3013
0.475	3.944
0.517	5.137
0.415	3.302
0.618	4.314
0.921	1.851
0.16	1.914
0.337	2.673
0.679	5.526
0.728	3.593
1.046	1.812
0.573	3.806
0.656	1.258
0.459	3.156
1.02	2.29
0.001	1.15
0.502	4.487
0.526	3.286
0.353	2.401
-0.096	0.5572
0.603	4.123
0.582	5.432
0.321	3.129
0.545	3.364
0.71	4.434
0.62	4.965
0.483	3.555
0.554	5.11
0.689	6.068
0.476	2.738
0.563	5.733
0.56	2.327
0.529	3.643
0.519	4.591
0.93	1.397
0.398	2.263
0.493	3.792
0.514	2.929
0.634	5.049
0.465	4.15
0.401	2.217
0.594	4.668
0.02	-1.099
0.733	6.138
0.273	0.7931
0.463	2.695
0.663	5.405
1.04	2.279
0.159	1.959
1.392	1.243
0.363	2.271
0.431	3.178
0.766	4.778
0.611	5.541
0.034	0.0443
0.461	3.605
0.043	-0.7092
1.267	9.034
1.037	6.659
0.085	2.129
1.531	2.087
0.634	5.351
0.717	5.704
0.094	1.892
0.186	2.214
0.563	5.064
1.047	2.035
0.885	6.419
0.448	3.477
-0.006	-0.8934
1.241	1.11
0.982	2.017
0.411	2.881
0.077	1.824
0.342	2.731
0.401	2.829
0.78	5.91
-0.004	0.6942
1.4	1.568
0.578	4.185
0.488	4.212
0.34	2.317
0.133	1.098
-0.02	-0.06858
0.32	-2.492
0.436	2.736
1.121	8.296
0.596	4.862
0.085	1.13
0.536	4.121
0.102	1.406
0.583	4.76
0.092	1.358
0.454	2.098
0.014	0.3148
1.03	1.777
0.741	5.503
0.491	3.544
0.164	0.7697
0.663	4.185
1.03	8.245
0.622	4.869
0.036	-0.507
0.215	2.493
0.099	1.386
0.762	5.483
0.411	1.981
1.139	1.745
0.471	2.121
1.226	1.899
0.445	2.781
0.511	5.559
0.33	3.508
0.526	9.377
0.469	3.483
0.571	3.887
0.7	5.709
-0.008	1.043
0.07	2.049
0.512	4.298
0.434	2.969
0.729	5.805
0.658	4.233
1.039	2.068
1.101	1.747
0.384	3.318
0.514	3.87
0.003	0.7941
0.385	4.608
1.032	2.513
0.231	1.668
1.004	1.683
0.123	1.442
0.491	4.829
0.592	4.073
0.061	1.642
0.809	6.499
0.604	5.319
0.618	5.371
0.405	3.73
0.685	5.361
0.745	4.838
0.568	3.641
0.053	0.7566
-0.06	1.291
0.597	4.569
0.993	1.524
0.166	1.232
0.854	0.4649
0.523	2.452
0.499	4.624
0.536	3.606
0.354	3.091
0.904	1.562
0.365	3.096
0.547	4.816
0.348	2.552
0.866	0.3941
1.069	2.388
0.446	3.556
0.773	4.241
0.002	0.0745
0.995	1.615
1.61	1.676
0.597	3.641
0.514	3.144
0.188	2.143
0.505	4.09
0.215	2.221
-0.024	0.135
0.831	6.792
0.45	3.048
0.477	3.717
0.45	3.418
0.113	0.07388
0.542	4.762
0.398	3.619
1.158	7.333
0.648	4.015
1.618	2.053
0.445	4.247
0.641	5.494
-0.016	0.8437
0.995	7.449
0.001	0.7602
0.654	3.792
0.31	-3.245
1.203	2.899
0.507	2.865
0.547	3.477
1.075	1.569
0.437	2.984
1.257	2.737
0.522	2.185
-0.13	-0.3414
0.361	3.181
0.661	5.137
0.353	2.517
0.924	3.564
0.318	2.477
0.526	5.114
0.62	5.753
0.488	0.7931
0.698	5.536
1.052	1.976
0.465	3.723
0.369	2.126
0.046	-0.451
0.01	-4.47
0.138	2.043
0.505	2.596
0.81	0.01455
0.011	0.186
0.635	5.422
0.309	2.489
0.75	6.546
0.298	2.86
0.421	3.142
0.575	4.953
0.47	2.597
0.348	1.978
1.091	2.901
0.009	1.081
1.655	0.3726
1.226	2.622
0.048	1.657
0.201	2.061
0.288	1.398
-0.018	0.7966
0.608	5.07
0.28	-4.678
0.48	2.395
0.699	4.093
0.019	0.7819
0.455	3.814
0.606	4.681
0.076	1.942
0.497	3.809
0.325	2.517
0.639	5.219
0.372	3.197
-0.045	0.7041
0.549	4.48
0.573	5.26
0.975	1.817
0.498	4.101
0.386	2.061
0.321	2.874
0.372	2.558
0.627	4.891
0.478	3.742
0.023	1.275
0.03	1.49
0.486	12.37
0.708	4.491
0.07	-0.34
0.099	1.595
1.086	1.349
0.371	2.4
-0.019	0.6232
0.393	4.137
-0.001	0.7791
0.775	5.64
-0.12	-5.081
0.516	4.604
0.534	4.311
0.68	5.903
0.835	6.688
0.968	7.603
0.022	0.04517
0.609	9.495
0.583	4.916
0.554	4.778
0.71	6.731
0.525	3.986
0.6	-0.8146
0.549	5.308
0.505	4.379
0.254	2.315
1.103	2.826
0.085	2.092
0.174	1.619
1.155	3.046
0.087	1.594
1.116	2.181
0.572	3.028
0.443	3.565
0.549	2.591
0.482	3.75
-0.112	0.3421
0.493	3.572
1.176	1.642
1.544	-0.1335
0.026	0.612
0.428	3.044
0.507	2.751
1.053	2.222
0.621	4.028
0.951	1.135
0.269	3.019
1.067	1.868
0.19	1.873
0.849	3.059
1.193	2.867
0.503	3.561
0.545	4.171
0.474	2.607
0.534	4.353
0.484	3.493
0.612	4.346
1.63	-0.02566
0.079	1.227
0.288	1.787
0.601	5.356
0.522	4.776
0.486	3.093
0.59	1.977
0.114	1.291
0.502	4.381
0.523	4.287
-0.027	0.8436
0.483	3.913
0.908	6.738
0.356	3.042
-0.124	-1.549
0.368	2.258
-0.025	0.2216
0.46	4.306
0.446	3.069
0.485	3.851
0.557	3.978
0.047	1.629
0.847	6.841
0.049	0.801
0.464	3.038
0.359	4.432
0.53	4.18
0.401	2.815
0.614	4.956
0.677	4.57
1.573	0.6512
0.308	2.628
0.16	0.6417
0.618	4.697
0.336	3.5
0.922	7.222
0.472	3.504
0.818	3.103
0.851	8.872
0.569	3.397
0.705	5.035
0.011	-0.6159
0.106	1.329
0.51	0.05455
0.828	6.624
0.006	1.078
1.011	3.718
0.918	3.829
0.484	3.892
0.622	4.808
0.999	1.671
0.601	5.206
0.218	2.001
0.54	3.72
0.463	3.66
0.471	4.067
0.529	4.519
1.064	1.959
0.389	2.511
0.787	10.75
-0.006	0.6623
0.005	-0.1538
0.024	2.084
-0.059	0.2955
0.552	4.836
1.382	0.8621
0.007	0.1238
0.484	5.85
-0.001	1.082
0.659	5.599
0.504	4.515
0.687	3.988
0.21	-3.765
0.658	4.751
0.152	1.891
1.624	1.995
0.837	4.454
0.651	5.746
1.206	-0.7096
0.854	6.245
0.138	1.921
1.08	-0.1346
0.404	3.438
-0.125	0.155
0.418	2.469
1.099	2.367
0.497	4.133
0.787	2.668
0.445	3.707
0.493	2.739
0.006	-0.7965
0.665	3.905
0.554	4.865
0.127	1.195
0.508	4.369
0.555	1.99
0.706	3.622
1.077	8.226
0.226	2.67
0.467	2.894
0.408	2.48
0.5	4.8
0.898	6.661
0.715	5.966
1.12	1.582
0.332	1.812
0.399	4.141
1.037	2.24
0.041	1.756
0.706	3.972
0.593	4.74
0.8	-1.559
0.379	3.234
1.007	7.113
0.23	1.333
1.047	2.906
0.672	5.664
0.357	3.062
1.11	2.115
1.027	2.102
0.334	3.146
0.672	4.07
0.658	3.637
1.028	2.601
0.451	2.936
0.547	3.693
0.404	3.43
0.454	3.872
0.601	5.476
0.519	4.173
0.94	1.95
1.163	2.168
0.948	3.674
0.382	2.723
0.762	6.363
0.396	2.606
0.04	1.591
0.568	4.349
0.426	3.295
0.99	7.832
1.034	1.601
0.207	2.068
0.812	5.523
0.564	5.076
0.359	3.313
0.787	4.116
0.52	3.474
0.085	1.556
0.665	4.959
-0.14	-0.5422
0.433	2.78
0.109	2.063
0.466	3.599
0.978	1.386
0.576	4.322
-0.011	1.132
0.093	1.567
1.377	1.105
0.432	3.676
0.846	7.21
0.599	4.612
0.98	1.682
0.327	3.653
0.003	-0.1293
0.654	5.924
0.55	2.503
0.914	2.125
0.538	2.622
0.52	4.721
0.203	1.525
0.657	5.102
0.62	5.363
0.193	1.058
0.621	4.902
1.11	2.583
0.608	2.881
0.474	2.595
-0.085	0.1164
-0.184	-2.69
0.086	1.764
0.349	2.384
0.488	3.505
0.642	4.144
0.446	3.024
1.097	1.608
0.526	4.112
0.142	0.154
0.622	4.086
0.752	6.659
0.6	3.858
0.322	3.344
0.838	6.706
0.453	3.537
0.542	4.257
0.567	5.959
0.918	-0.2473
0.536	2.722
0.845	7.168
0.481	3.639
0.495	3.972
0.272	1.801
0.374	3.292
0.094	1.833
0.383	3.898
0.157	0.7978
0.943	2.419
0.577	5.274
0.661	5.515
0.345	2.188
1.061	2.405
0.167	1.649
0.247	2.529
0.78	6.268
0.969	3.477
0.459	2.914
0.125	1.632
0.047	1.01
0.89	6.553
0.531	4.658
0.707	3.912
1.047	1.944
-0.06	0.09616
0.535	4.141
0.54	2.432
0.493	2.382
0.827	5.89
0.528	4.094
0.022	0.4207
0.489	2.748
0.414	2.048
0.611	4.314
0.015	1.604
0.547	4.456
0.571	4.143
0.302	1.241
1.368	9.567
0.147	1.232
1.571	1.249
0.634	5.206
-0.098	-0.5033
0.627	5.062
0.838	6.476
0.933	1.65
1.22	1.857
0.415	2.902
0.167	1.406
0.7	2.574
0.426	2.271
1.044	2.58
0.734	5.806
0.381	2.596
-0.019	0.6471
1.17	1.919
0.636	2.831
0.898	7.203
0.253	2.3
0.509	3.517
0.349	2.731
0.758	6.093
0.036	0.4851
0.636	4.833
0.106	1.935
0.544	2.859
1.527	1.147
1.049	2.025
1.065	-0.3738
0.574	2.791
0.382	3.653
0.457	4.189
1.101	0.521
0.431	1.914
0.303	1.832
0.085	1.44
0.542	3.722
0.877	7.141
0.008	1.
0.739	5.035
0.749	6.301
0.495	2.632
0.608	4.862
0.244	1.773
0.74	5.433
0.514	3.467
0.656	4.341
0.058	1.252
-0.016	-0.06979
0.979	7.796
0.394	3.595
1.163	2.292
1.021	2.309
0.651	5.056
0.977	1.093
0.047	1.1
0.127	0.4414
0.587	4.926
0.37	1.565
0.691	4.712
0.795	6.128
0.373	3.148
0.399	3.299
0.425	2.954
0.015	1.888
0.451	3.592
0.47	3.642
0.427	4.056
0.13	1.595
0.641	5.544
-0.046	-0.9886
0.38	3.562
-0.094	-0.3169
0.35	3.464
0.451	4.26
0.616	4.558
0.699	5.761
-0.069	0.4598
0.198	2.009
0.469	3.945
0.488	3.343
0.514	3.732
0.644	3.992
0.464	3.29
0.839	3.803
1.381	2.675
1.114	1.675
0.63	3.873
0.381	1.684
0.621	3.654
0.724	4.962
0.37	2.616
0.661	5.201
0.562	3.308
0.501	4.591
0.432	3.805
0.699	4.182
0.025	0.5838
0.844	3.989
0.991	2.032
0.7	4.633
0.977	1.978
1.107	2.905
0.375	3.479
-0.129	-1.065
0.438	2.045
0.432	2.273
0.498	4.161
0.417	3.814
-0.071	-0.1701
0.401	2.096
0.55	-3.077
0.631	5.914
1.1	0.9246
0.036	1.35
0.3	-3.63
0.503	3.957
0.038	2.299
0.556	5.023
0.03	1.83
1.106	2.322
0.663	3.557
0.416	3.58
0.436	4.214
0.535	3.095
0.647	5.137
0.471	3.404
0.331	2.382
0.111	1.353
0.409	4.355
0.669	4.77
0.601	4.298
1.186	2.135
0.511	4.17
0.217	2.118
0.539	5.238
0.908	1.148
0.04	1.692
0.891	6.202
0.339	2.366
0.533	3.779
1.092	2.389
0.422	3.133
0.058	0.9411
0.314	2.965
0.301	0.8028
0.479	3.152
0.564	4.041
0.521	4.47
1.206	2.525
1.189	1.688
0.413	3.242
0.761	6.265
1.181	2.317
0.472	3.31
0.677	4.811
0.886	6.662
1.025	1.885
0.5	1.959
0.767	6.014
0.89	0.2601
0.554	3.275
0.625	5.125
0.736	7.485
0.606	6.059
1.141	1.371
0.409	3.659
0.371	3.456
0.2	-2.735
0.823	6.285
0.164	1.053
0.459	2.546
0.245	1.953
0.417	1.896
0.535	3.638
0.521	2.552
0.573	4.768
0.382	3.384
0.545	3.426
1.069	1.68
0.804	6.79
0.849	6.912
1.511	0.4113
0.561	5.29
1.246	3.139
0.101	1.839
0.856	6.841
0.502	3.687
0.347	2.211
0.063	1.479
0.164	1.096
1.035	3.933
0.512	3.408
0.498	3.003
0.582	4.104
0.071	1.819
0.722	5.704
1.294	1.206
0.757	3.849
0.479	4.129
0.406	3.06
0.633	3.74
0.62	5.044
0.938	1.548
1.16	7.984
0.686	2.503
0.519	4.41
0.085	0.6374
1.571	2.007
0.027	1.653
0.618	4.285
0.685	4.341
-0.08	0.6011
-0.06	-0.7925
1.012	3.474
0.481	2.548
0.509	3.423
1.213	3.261
0.05	2.145
0.683	5.368
0.641	5.272
1.05	1.687
0.679	5.969
-0.038	0.165
-0.012	2.076
0.359	3.108
1.039	2.035
0.481	4.152
0.501	4.002
0.533	3.869
0.459	3.081
0.602	3.753
0.331	3.075
0.326	3.265
1.534	2.03
0.961	2.425
0.014	1.148
0.55	4.218
0.516	2.869
1.092	1.795
0.161	1.706
0.829	6.584
0.336	2.401
0.502	4.692
0.778	5.662
0.712	5.782
0.401	3.045
0.482	3.109
1.048	2.414
0.306	2.899
0.117	1.312
0.456	4.399
0.492	2.833
0.934	6.598
0.015	1.535
0.265	2.335
1.592	0.5185
0.976	2.75
0.142	1.322
0.532	4.183
0.521	5.031
0.344	2.691
0.635	4.787
0.084	1.769
1.029	2.873
0.931	2.11
0.648	5.239
0.18	-2.469
0.065	1.626
0.599	12.2
1.092	1.496
0.592	3.686
0.636	5.44
0.038	0.7389
0.141	1.783
0.509	3.583
0.556	5.003
0.432	3.997
0.568	4.891
0.349	0.9783
0.477	2.443
0.7	4.356
0.527	3.345
0.981	1.716
1.113	8.398
1.134	2.314
0.721	6.498
1.116	2.862
0.516	2.949
0.682	6.008
0.592	5.543
0.741	4.812
0.502	2.847
0.675	5.358
0.409	3.199
0.39	-2.079
0.15	1.71
0.36	2.162
0.618	8.67
0.692	5.639
0.446	3.756
0.901	7.24
-0.047	0.9889
0.387	4.017
0.077	1.451
0.726	5.552
0.472	4.111
0.668	4.666
0.47	3.608
0.479	2.523
0.274	2.19
0.522	4.156
0.49	-3.759
0.712	4.156
0.58	4.544
0.809	3.349
1.028	1.959
0.465	5.018
0.721	5.266
0.622	4.535
1.041	1.547
0.354	3.454
0.486	4.067
0.901	6.379
0.537	3.295
0.573	4.383
0.599	5.408
0.583	4.174
0.509	3.693
0.578	4.564
1.576	0.6911
0.507	3.385
0.197	1.703
1.03	7.947
0.377	3.15
0.505	3.407
0.323	2.934
0.461	3.701
0.405	3.152
0.59	4.937
0.375	3.223
0.866	6.736
-0.037	0.0803
1.266	8.419
1.417	9.892
0.712	5.179
0.484	4.28
1.048	2.466
0.529	2.525
0.424	2.48
0.441	2.605
1.119	2.918
0.727	5.041
0.637	4.865
0.462	3.522
0.429	3.484
0.149	2.18
-0.127	-1.064
1.039	0.3391
0.557	4.475
0.241	1.936
0.509	3.889
0.391	3.184
0.543	3.736
0.503	2.181
0.341	3.16
0.738	5.599
0.564	4.634
0.529	4.491
0.617	3.934
1.213	1.286
0.505	4.285
-0.005	0.5668
0.731	4.329
0.446	3.785
0.511	4.337
0.668	3.697
0.396	3.531
-0.078	1.812
0.139	2.083
0.552	4.18
0.449	3.528
0.486	2.882
0.696	4.032
0.598	5.058
0.941	1.639
0.708	5.977
0.46	3.528
0.39	3.4
1.109	8.392
0.5	4.995
1.143	2.102
0.521	4.507
0.569	3.403
1.264	1.731
1.042	1.513
1.315	2.287
-0.049	0.2416
0.345	3.157
0.739	6.2
0.643	4.715
0.559	4.591
0.253	2.438
0.643	6.04
0.459	3.207
0.572	3.21
0.551	5.115
-0.09	-3.785
0.364	2.223
1.293	9.157
0.782	4.802
0.573	4.069
1.165	1.495
0.703	5.925
0.543	4.767
0.413	3.619
0.788	6.214
0.13	0.746
0.642	3.859
0.14	0.8899
0.436	3.064
0.396	3.865
0.5	4.188
0.51	3.709
0.486	4.491
-0.007	-0.08755
1.056	2.821
0.541	3.726
0.441	3.454
-0.094	-1.037
0.694	4.26
0.434	3.358
1.049	1.847
0.568	4.909
0.031	-0.8422
0.526	2.979
0.524	1.97
0.425	3.484
0.328	2.799
0.498	3.853
0.184	1.02
0.125	0.771
0.621	3.868
0.519	4.558
0.474	4.343
0.651	5.158
0.553	4.474
1.221	2.513
0.263	2.722
0.626	3.353
0.257	2.226
0.33	3.261
0.592	4.301
0.644	4.964
0.552	4.071
0.349	2.784
0.605	3.955
0.414	3.527
1.595	-0.5173
-0.106	0.05062
0.248	1.478
0.464	4.652
1.112	2.662
1.021	1.917
0.577	4.502
1.213	2.13
0.778	3.738
1.103	2.015
1.033	2.842
0.15	-2.945
1.038	2.088
0.191	1.898
-0.144	-1.312
0.914	7.045
0.62	5.44
-0.124	-2.044
0.422	4.366
0.836	7.013
0.587	3.941
0.391	2.993
1.097	2.166
0.12	1.095
0.534	4.45
-0.122	-1.22
0.465	4.062
0.493	4.766
1.547	11.15
0.27	-1.363
0.824	6.429
0.297	2.753
0.583	4.792
0.497	4.397
1.061	2.09
0.7	5.71
0.845	6.666
1.089	2.363
0.059	1.685
0.553	3.559
0.037	0.5832
0.402	3.504
0.493	4.395
0.455	2.7
0.661	5.476
0.556	4.33
0.474	3.751
0.822	5.702
0.649	5.662
1.276	8.867
0.922	4.34
0.11	2.12
1.394	1.563
0.628	4.794
0.074	1.595
0.564	3.773
0.85	-2.068
0.49	3.384
1.073	2.841
0.415	2.436
0.504	3.777
0.465	3.797
0.606	4.915
-0.033	0.3378
1.577	1.691
0.547	4.61
0.632	4.906
1.022	2.219
0.678	5.446
0.224	2.218
1.086	1.773
0.564	10.43
0.542	4.384
0.47	3.677
0.168	2.644
0.609	5.933
0.648	5.305
0.529	4.633
0.31	-2.453
0.524	4.358
0.554	4.741
0.464	3.626
0.608	4.533
0.493	3.421
0.303	2.847
0.545	3.634
0.969	7.417
0.616	4.186
0.958	1.976
1.012	3.983
-0.094	-1.585
0.74	4.123
1.094	2.258
-0.29	-3.625
0.378	4.238
0.712	3.881
1.205	2.519
-0.009	1.411
0.685	6.007
1.149	2.321
0.892	6.878
0.06	-4.318
0.493	4.476
0.232	0.8029
0.665	5.034
0.847	6.503
0.545	4.634
0.781	-0.5971
0.508	2.733
0.428	4.075
0.517	2.453
0.477	3.183
0.508	4.545
1.149	1.764
0.4	1.773
0.517	4.133
0.575	3.707
1.201	3.773
0.49	3.976
0.294	2.555
0.125	1.743
0.439	8.097
0.998	1.627
0.738	5.98
0.099	1.957
0.436	3.857
1.195	2.43
0.038	0.6242
0.441	2.52
0.29	3.364
0.75	6.245
0.402	3.45
0.063	-0.4272
0.528	7.5
0.99	1.637
0.387	2.546
0.009	0.7631
0.762	4.012
0.462	2.973
0.531	2.571
0.493	4.123
0.642	4.672
-0.146	-1.866
0.432	3.373
0.512	4.368
0.903	1.205
0.021	-0.4219
0.593	3.843
0.574	9.008
0.668	4.034
0.215	1.646
0.316	1.849
0.964	1.32
0.159	2.89
1.178	1.278
0.505	4.229
0.353	2.77
0.136	1.005
0.571	4.19
0.512	4.405
0.38	3.234
0.439	3.584
1.048	1.19
0.585	4.584
0.231	3.821
0.458	3.49
0.573	4.528
0.047	0.7439
-0.115	-1.001
0.5	4.583
1.238	1.828
-0.056	0.3089
1.368	1.386
0.432	3.588
0.72	4.105
0.524	3.844
0.493	4.185
0.455	3.932
0.393	2.672
0.969	2.104
0.367	2.441
0.62	5.158
0.379	3.376
0.5	4.222
0.554	4.574
0.59	4.4
1.187	1.7
0.974	2.449
0.497	4.824
0.614	4.874
0.509	3.353
0.614	5.357
1.499	0.965
0.738	6.321
0.108	0.6985
0.498	3.071
0.601	5.325
0.898	7.222
0.463	3.552
1.239	1.797
0.476	3.658
0.415	2.179
1.036	2.295
1.086	1.299
0.341	2.46
0.322	3.275
0.964	2.01
0.804	6.129
0.637	5.017
1.012	8.101
0.296	3.219
1.009	8.014
0.408	2.698
0.495	4.285
0.632	3.283
0.58	5.016
0.541	6.139
1.563	-0.1463
0.757	6.263
0.486	3.605
1.106	1.978
0.755	6.558
0.19	1.861
0.329	2.849
1.147	7.762
1.19	9.143
0.035	1.875
0.474	4.312
0.18	2.701
0.925	2.617
0.446	4.011
1.017	4.275
0.258	0.7511
0.667	2.795
0.569	3.77
0.901	1.606
1.081	1.948
0.532	4.374
0.505	3.921
0.059	2.031
0.113	1.375
0.616	5.291
0.003	-1.182
0.037	0.04669
0.595	5.172
0.564	4.182
0.228	0.9235
0.16	1.844
0.391	4.01
0.593	4.678
0.477	3.616
0.939	6.922
0.602	5.321
0.493	3.17
0.752	5.602
0.197	1.885
0.816	2.96
0.314	1.57
0.972	1.208
0.672	4.732
0.245	2.695
1.091	1.529
0.883	2.598
0.031	2.259
1.059	1.592
0.57	4.848
0.483	4.816
0.847	3.597
0.528	4.833
0.3	2.819
0.271	2.692
0.714	5.948
0.057	1.647
0.745	6.087
0.41	4.045
0.505	4.503
0.362	2.342
-0.059	-0.1583
0.804	4.926
0.117	0.5194
0.533	4.501
0.978	1.226
0.556	4.486
0.633	4.72
0.411	2.987
0.566	4.977
0.223	2.429
0.378	3.322
0.327	1.014
0.617	3.714
0.042	1.322
0.068	0.8101
0.446	3.044
0.511	4.486
0.602	4.241
0.186	1.496
0.497	3.874
0.54	4.699
1.248	2.549
0.687	5.754
0.08	-4.197
0.799	4.45
0.458	4.367
0.798	6.924
0.559	3.521
0.654	5.902
0.442	3.147
0.667	5.778
0.436	4.172
0.679	4.15
0.561	4.715
0.467	1.678
0	0.3433
0.717	5.958
0.597	4.211
1.008	2.434
0.515	2.978
1.032	2.365
0.45	4.269
0.645	5.5
-0.055	-0.2475
0.877	1.038
-0.12	-0.196
1.036	1.775
0.385	2.299
0.519	3.687
0.901	1.995
0.818	6.283
0.546	1.578
1.035	1.698
0.527	4.215
0.368	2.338
0.006	1.407
0.23	1.825
0.531	2.927
0.842	3.563
0.448	4.607
0.625	4.435
0.539	4.305
0.285	3.027
0.518	4.915
1.58	0.3885
0.669	6.484
1.172	2.183
0.124	1.82
0.242	0.9776
1.081	2.093
0.572	4.829
0.509	4.123
0.491	4.427
0.611	5.272
0.613	4.884
0.439	3.027
1.29	2.725
0.656	5.014
1.432	9.807
0.667	4.081
0	0.6809
0.562	3.932
1.02	1.86
0.473	2.059
0.511	4.139
0.529	4.264
0.432	3.339
0.696	4.61
0.752	6.489
0.748	4.516
1.587	1.688
1.068	2.695
0.282	0.1808
0.364	1.439
0.326	2.53
0.372	3.412
0.635	5.771
0.621	5.037
0.36	0.7004
0.594	4.69
-0.127	-1.781
0.46	3.535
0	0.8545
0.783	5.673
0.596	3.572
0.39	3.081
0.442	2.605
0.524	5.09
0.002	0.4411
0.132	2.072
0.901	2.253
0.644	5.085
0.614	3.885
0.748	4.614
-0.021	0.7878
0.507	3.633
0.562	3.968
1.066	3.569
1.06	1.993
0.486	3.321
1.571	1.07
0.33	-1.875
1.04	3.438
0.026	1.066
0.337	3.31
0.672	5.035
0.41	3.895
0.467	4.396
-0.171	-1.593
1.115	1.525
0.327	3.172
0.175	-0.3368
0.424	3.893
0.517	4.504
0.63	5.354
0.793	6.283
0.004	0.7185
0.251	2.501
0.976	7.568
1.021	2.648
0.592	3.699
0.168	1.844
0.417	3.565
0.672	5.311
0.524	4.675
0.449	4.217
-0.054	-0.4769
0.217	1.739
0.354	2.932
1.57	0.3392
0.563	6.114
0.46	4.093
1.29	2.23
0.592	4.244
-0.115	-1.189
0.678	5.447
0.285	1.592
0.561	4.396
0.453	4.051
0.542	4.083
0.252	2.654
0.623	4.492
0.35	-3.815
0	-4.525
0.973	1.967
0.203	1.299
0.158	0.4106
1.114	7.133
0.623	4.568
0.441	2.147
0.925	1.007
-0.078	0.2892
0.705	4.337
0.419	3.304
0.592	4.515
1.191	8.653
0.342	3.25
0.616	3.815
0.65	-0.6072
0.564	4.332
0.501	4.505
0.133	1.241
0.587	3.86
0.478	3.775
0.644	5.011
0.001	1.067
-0.046	-0.2218
0.554	2.397
1.09	0.6246
0.046	0.5139
0.959	1.274
-0.035	-0.1097
0.33	3.74
-0.05	1.018
0.384	1.943
0.945	1.82
1.018	3.255
0.662	5.122
0.177	0.5381
0.799	6.255
1.12	3.157
0.665	4.133
0.559	4.251
0.299	5.175
0.406	2.953
0.588	3.685
0.436	3.336
1.256	0.6166
0.65	5.171
0.609	5.083
0.541	2.908
0.538	3.946
0.66	-0.8172
0.509	4.353
0.595	4.939
0.391	2.441
0.028	0.7537
0.406	3.602
0.048	1.842
0.496	3.891
0.533	4.
0.934	1.056
0.469	1.49
0.594	2.636
1.044	1.674
0.786	4.142
0.103	0.6309
0.627	3.626
0.392	3.369
0.697	5.184
0.597	3.163
0.376	4.042
1.566	0.838
0.441	4.383
0.978	1.604
0.723	5.812
0.2	2.028
0.415	2.701
1.018	6.587
0.751	5.702
-0.006	1.357
0.652	3.142
0.573	3.338
0.905	3.746
0.512	4.259
0.587	4.771
0.451	4.236
-0.067	-1.365
1.591	1.352
0.349	3.
0.166	1.316
0.95	7.088
0.407	2.81
0.997	1.425
0.938	3.208
1.369	1.398
1.273	3.225
0.445	3.62
-0.083	0.4874
0.528	3.017
0.706	3.291
0.605	4.58
0.328	2.457
0.595	4.868
0.056	1.217
0.675	5.121
0.61	5.781
0.512	4.252
0.915	1.853
0.991	1.341
0.312	3.11
1.059	1.737
1.211	1.008
0.528	4.334
0.472	3.722
0.323	2.276
0.691	5.995
0.679	5.237
0.425	3.998
0.711	6.259
-0.026	-0.487
0.431	3.264
0.987	1.904
-0.053	0.5186
0.406	3.554
0.065	1.261
0.792	6.393
0.973	2.091
0.651	3.743
0.441	3.553
0.418	2.925
0.733	5.185
0.529	2.985
0.629	3.396
0.483	4.117
0.524	4.535
0.649	5.24
0.571	3.629
0.601	4.511
-0.011	-0.3583
0.041	1.235
0.818	5.452
0.488	3.8
0.516	3.661
0.957	2.379
0.044	0.4896
0.79	6.377
0.575	4.789
0.528	3.442
0.411	2.539
0.023	0.07202
0.49	4.313
0.82	-0.001965
1.136	2.049
0.526	4.329
0.287	1.04
1.034	2.607
0.519	3.302
0.531	1.862
0.345	2.756
0.489	4.365
1.372	1.132
0.514	4.18
0.743	5.19
-0.031	1.145
1.181	0.2768
1.228	2.172
0.431	3.374
0.478	3.936
0.571	2.332
0.575	4.741
0.976	2.098
1.145	2.678
0.991	3.3
0.881	4.03
0.965	0.5552
0.276	2.66
0.985	2.165
0.459	3.789
1.491	11.42
0.941	1.921
0.543	3.774
0.519	4.151
0.16	2.395
0.522	4.504
-0.048	-0.5351
0.576	5.188
0.441	3.532
0.763	6.179
1.578	0.5764
0.505	4.511
0.649	3.433
-0.045	-0.2857
0.511	3.04
1.352	1.683
0.592	3.762
0.58	5.27
0.894	1.52
0.12	2.342
0.604	5.332
1.261	1.118
0.335	3.247
0.873	0.6345
0.479	4.396
0.292	2.662
0.554	5.419
0	-3.411
0.052	1.548
0.32	-2.279
0.688	4.469
0.707	4.064
0.474	3.877
-0.008	-0.5946
0.431	2.246
0.523	4.197
0.403	3.168
0.567	3.332
0.174	0.7193
0.918	0.9551
0.535	4.586
0.905	7.091
0.592	5.525
0.657	5.064
0.26	-2.178
0.594	3.326
0.443	3.222
0.785	6.471
0.795	5.947
0.58	5.042
0.898	1.144
1.299	1.815
0.206	2.359
0.592	4.014
0.97	1.589
0.462	3.859
0.519	4.53
0.406	2.582
0.611	4.653
0.79	5.573
1.155	-0.9435
0.781	4.308
0.448	3.954
1.394	9.445
0.41	3.7
0.959	0.9099
0.374	3.387
0.725	5.144
0.907	1.549
0.329	0.5586
0.5	3.72
0.516	3.201
0.805	4.242
0.024	-1.29
0.124	2.301
1.163	2.712
-0.059	-0.5733
0.663	4.364
0.635	3.848
0.366	2.144
0.833	3.928
1.517	1.388
0.49	4.296
0.478	3.594
0.549	3.845
0.68	-1.392
-0.019	0.7317
0.474	3.975
0.627	5.511
0.717	4.148
0.51	4.534
1.157	2.638
1.003	2.793
1.463	0.8046
0.412	3.711
0.547	5.104
0.922	7.085
0.533	4.611
0.601	5.092
0.09	-5.349
0.514	3.434
0.018	1.031
0.388	2.626
-0.085	-0.1801
0.55	5.258
0.537	4.367
0.169	2.099
0.731	4.102
0.628	5.25
-0.113	-1.243
0.25	-3.554
0.453	2.755
0.364	3.519
0.22	-3.666
0.62	4.933
0.21	-3.253
0.077	1.421
0.464	2.819
0.546	3.375
0.503	3.929
0.487	3.538
-0.026	-0.0524
0.302	2.395
0.967	2.098
0.088	0.6398
0.474	3.232
-0.056	1.309
0.543	5.282
0.198	0.9496
0.996	3.077
0.684	5.212
0.409	2.335
-0.018	0.7239
0.621	5.342
0.615	4.248
0.434	3.82
0.617	5.027
0.584	3.735
0.533	4.413
0.054	1.118
1.204	1.819
0.526	3.376
0.16	0.9363
0.481	1.94
0.512	3.754
0.564	5.173
0.346	2.415
0.42	-2.82
0.755	6.149
0.604	5.371
0.605	3.793
0.546	2.253
0.434	3.347
0.46	4.31
0.569	3.691
0.778	6.142
0.389	2.35
0.75	6.434
0.59	4.966
0.156	2.223
0.569	3.587
0.022	0.7814
0.151	1.674
0.416	2.806
0.625	5.242
0.014	-0.5901
-0.099	-0.4959
1.133	2.934
0.344	2.096
0.628	3.483
0.613	4.211
0.628	4.258
0.719	6.476
0.465	4.519
0.497	4.505
0.005	0.6978
0.44	-3.008
0.533	3.43
0.981	7.708
-0.026	1.061
0.611	5.433
1.558	2.035
1.312	1.582
0.452	2.632
0.025	1.196
0.93	0.6039
1.219	2.255
0.914	1.506
0.415	1.862
0.592	4.252
0.602	3.836
0.469	2.574
0.2	2.35
0.082	1.055
0.433	3.582
0.982	1.738
0.99	1.574
0.318	2.458
0.452	3.407
0.519	4.048
0.472	3.971
0.519	3.705
0.434	3.742
0.599	4.643
0.697	5.222
0.48	2.655
0.554	4.135
0.659	5.225
0.571	4.938
0.175	-0.6905
0.968	1.923
0.713	5.759
0.646	4.286
0.573	5.1
0.445	2.412
1.071	3.589
0.781	3.747
0.368	3.06
0.665	4.433
0.405	3.588
0.53	-1.609
0.806	6.639
0.694	4.411
0.595	4.766
1.456	1.593
0.571	4.666
1.111	8.751
0.587	6.625
0.313	2.751
0.616	4.512
0.634	3.552
0.156	1.298
0.232	2.467
0.434	3.435
0.334	2.571
0.329	0.6513
0.068	1.01
0.51	3.539
0.479	3.508
0.569	3.49
1.104	3.248
0.44	3.66
0.265	1.623
0.91	4.034
0.558	1.83
1.066	2.837
0.488	3.216
1.578	1.614
0.521	4.734
0.392	3.398
0.602	3.936
0.571	4.05
0.486	3.691
0.27	-2.751
0.047	1.855
0.549	3.354
0.561	4.054
1.026	8.201
0.507	4.151
0.014	-0.4554
0.691	5.45
-0.007	0.8909
0.627	3.742
1.625	0.5386
0.223	0.6756
0.13	1.08
0.937	1.837
0.992	1.67
0.904	1.971
0.667	4.363
0.753	4.9
1.195	0.9583
0.63	5.009
0.571	2.768
0.396	2.091
0.571	4.79
0.634	5.04
0.494	3.61
0.8	3.554
1.134	2.714
0.982	1.944
0.498	4.642
0.498	4.212
0.615	5.719
0.653	5.754
0.609	3.978
0.68	5.834
0.532	4.277
0.347	2.555
0.044	1.245
0.042	0.8902
0.656	4.158
0.481	4.2
0.681	3.454
0.072	1.512
0.296	2.318
0.445	3.669
0.571	4.949
0.218	2.036
0.609	5.48
0.252	3.071
0.361	1.593
0.478	3.049
0.873	7.162
0.105	1.52
0.964	3.211
0.612	4.168
1.005	2.473
0.238	1.719
0.14	0.4608
1.634	1.805
0.573	4.893
0.569	4.076
0.567	4.653
0.19	-2.248
0.91	2.631
0	-3.318
0.891	6.845
0.569	3.181
0.474	2.977
0.273	1.646
0.663	5.887
0.226	1.68
1.021	3.489
0.079	1.803
0.302	3.406
0.382	3.319
0.785	6.133
0.874	1.753
0.493	4.462
0.914	6.721
0.64	2.262
0.823	6.63
0.41	-2.681
0.07	0.5766
0.227	1.236
0.617	4.119
0.413	2.736
0.455	3.744
0.415	2.697
-0.106	0.06798
0.547	4.466
1.063	1.848
0.569	3.7
0.639	4.526
0.434	3.423
0.434	4.26
0.318	2.467
-0.031	0.5456
0.176	2.235
0.931	1.995
0.527	4.313
0.216	2.876
0.046	-0.9534
0.515	3.294
-0.025	0.9049
0.587	3.939
0.503	3.587
0.04	0.8826
0.464	2.817
0.585	4.842
0.933	1.637
0.555	4.53
0.467	4.292
0.767	5.966
0.878	6.652
0.617	2.268
0.985	1.739
0.446	3.854
0.561	3.836
0.542	4.699
0.08	2.593
0.45	2.928
0.192	3.136
1.033	2.704
-0.094	0.08959
1.156	2.765
-0.122	-0.3344
0.58	4.701
0.351	2.359
0.76	-1.765
0.06	1.704
0.223	2.228
1.68	-0.1969
0.453	3.753
0.573	4.409
0.282	2.389
0.571	13.37
-0.022	0.965
0.22	-3.918
0.641	4.566
1.257	8.001
0.726	5.86
0.547	4.82
0.791	4.043
0.651	4.195
0.528	4.465
0.128	0.2819
0.44	1.8
0.321	2.053
0.502	3.815
0.04	0.3946
0.086	1.878
0.496	3.661
0.325	1.649
0.608	5.368
-0.16	-2.107
1.101	2.836
0.6	4.526
0.304	2.516
0.104	1.345
0.536	4.441
0.329	3.039
0.512	4.685
0.523	3.736
-0.007	0.3806
0.63	4.34
0.644	6.007
0.538	3.098
0.537	3.894
1.6	0.1355
0.213	1.713
0.717	5.745
0.139	1.396
0.401	3.803
0.656	5.46
0.41	2.422
0.627	5.543
1.045	-0.3146
1.221	1.103
0.404	2.481
0.941	7.371
0.527	3.587
0.748	6.054
0.722	2.162
0.406	3.395
0.597	3.909
0.672	5.203
0.535	3.405
0.199	2.256
0.566	4.11
0.673	4.516
0.682	5.752
0.024	0.1712
0.524	3.47
0.7	2.915
0	-3.559
0.698	5.528
1.285	1.358
0.38	3.11
0.484	3.108
1.206	2.548
0.505	4.22
-0.016	0.5942
0.535	4.267
0.358	2.315
0.456	-1.973
0.301	2.872
0.686	5.884
0.961	2.668
-0.035	1.592
0.483	4.633
0.542	4.931
0.137	0.9859
0.542	4.215
1.347	1.953
0.395	3.722
0.517	4.341
0.386	2.031
0.43	3.132
1.486	1.524
0.531	2.489
0.91	4.074
1.012	1.861
0.824	6.477
0.57	5.079
0.485	2.576
0.021	0.4306
0.583	4.816
0.139	0.9977
1.195	2.449
0.724	4.972
-0.015	-0.1996
0.703	4.086
0.993	7.48
0.55	4.607
0.099	1.954
1.197	2.269
0.533	4.475
0.467	3.293
-0.07	0.4081
0.415	3.09
-0.131	-0.8339
1.253	0.977
0.318	2.914
0.57	-2.34
0.491	3.781
0.968	1.188
0.574	3.942
0.544	4.358
0.092	0.8836
0.93	7.181
0.665	2.407
0.809	6.035
0.428	2.621
0.433	2.688
0.425	4.138
0.758	3.034
0.599	4.663
0.708	5.845
0.646	4.087
0.692	4.292
0.501	3.069
0.469	4.373
0.608	4.052
0.809	6.328
0.424	3.595
0.497	3.647
0.841	6.379
0.613	11.91
0.642	3.69
0.379	2.711
0.486	4.113
0.509	4.024
0.564	4.519
0.654	4.14
0.807	6.714
0.212	2.504
1.103	1.358
0.197	2.201
0.431	3.67
0.283	2.405
1.295	1.497
0.794	4.539
0.546	4.501
0.625	5.456
0.548	4.886
0.652	4.617
0.969	0.8041
0.697	5.739
0.448	2.863
0.359	2.397
0.819	6.729
1.488	10.26
0.665	3.995
0.507	2.379
0.486	3.454
0.442	3.973
0.385	2.931
0.974	2.641
0.542	4.445
0.868	6.865
1.268	2.661
0.58	4.278
0.628	4.553
0.762	6.094
0.578	2.672
0.526	4.465
0.526	1.373
0.508	3.822
0.963	4.491
0.293	1.989
0.581	3.812
1.169	3.466
0.736	6.113
0.445	1.99
0.991	2.156
-0.055	0.3576
0.592	3.23
0.27	2.282
1.144	2.489
0.415	3.155
0.057	0.3271
0.466	4.212
-0.044	1.24
0.392	2.289
0.637	4.471
0.599	4.153
0.417	3.513
0.258	2.252
0.453	4.458
1.156	8.055
0.686	4.345
0.596	5.178
0.276	2.312
0.577	5.132
0.472	4.594
0.617	4.644
0.854	6.476
0.93	1.64
0.794	3.915
0.932	3.
1.573	1.443
0.386	3.503
0.54	3.41
0.528	4.561
0.914	1.282
1.099	1.854
0.459	3.589
-0.085	-0.8431
0.626	4.275
0.584	4.068
0.088	2.115
1.094	3.426
0.394	3.569
0.491	3.899
0.538	4.319
0.442	3.972
-0.014	-0.6057
0.407	3.472
0.533	4.577
0.868	6.443
0.024	1.071
0.376	3.551
1.04	1.535
0.424	3.955
0.635	5.63
0.883	0.2225
0.351	2.65
0.578	2.863
1.1	1.613
0.719	5.196
1.04	2.607
0.497	4.07
0.407	4.094
0.531	4.036
-0.012	-1.258
0.929	1.781
0.488	4.06
0.42	3.03
0.78	6.46
0.065	1.581
1.109	1.159
0.646	8.617
0.528	4.774
-0.009	0.6978
0.498	3.897
0.607	5.394
0.441	3.954
0.317	3.09
1.596	1.669
0.828	6.455
0.334	2.081
0.596	4.215
0.764	6.56
0.392	3.273
0.465	3.602
0.462	3.638
0.044	0.6994
0.38	-1.8
1.614	-0.01628
1.152	1.363
0.535	3.197
0.992	2.352
0.8	5.888
0.781	3.029
0.434	2.105
0.342	3.472
0.091	1.085
0.426	3.711
0.392	1.815
0.521	3.471
1.078	4.016
0.498	3.059
1.088	2.584
1.533	1.399
0.46	1.456
0.538	4.044
-0.143	-0.7712
0.533	4.015
0.623	5.079
0.535	4.338
0.569	4.996
0.494	3.934
0.54	4.851
0.694	4.542
0.412	2.998
0.898	6.863
0.16	2.106
0.47	1.635
0.477	3.342
0.598	4.542
0.62	4.766
0.645	5.787
0.346	1.708
0.653	4.623
1.067	1.702
0.756	3.708
0.481	2.716
0.594	4.52
0.469	4.124
0.436	3.791
-0.112	-0.4268
0.345	3.294
1.007	1.495
0.418	3.698
0.352	2.505
1.141	2.562
0.086	0.5187
0.46	3.29
0.549	5.045
0.058	0.6041
0.052	0.7735
0.663	6.286
1.02	2.397
0.583	6.246
-0.074	-0.5324
0.509	4.342
1.019	3.405
0.675	4.725
0.32	2.679
-0.035	1.221
0.619	4.684
0.403	1.873
0.354	2.065
-0.073	0.413
0.157	1.901
0.517	3.752
0.4	-3.204
1.028	2.402
0.582	3.558
0.403	3.121
0.621	5.506
0.591	4.508
0.334	1.859
0.455	1.498
0.776	1.641
0.478	3.902
-0.083	-0.328
0.792	4.834
0.09	-2.9
0.538	4.113
-0.091	-0.4905
0.535	4.805
1.453	10.79
0.778	5.371
-0.01	-3.387
0.978	1.179
0.397	2.038
1.238	2.804
0	-4.531
0.666	5.594
0.829	6.722
0.506	3.298
-0.003	-0.3796
0.512	4.175
1.091	2.442
0.503	5.089
0.203	1.112
1.224	2.447
0.435	3.334
0.552	3.882
0.515	3.964
0.246	0.9641
-0.012	-0.4598
0.295	2.51
0.471	3.95
0.811	6.37
0.466	4.491
0.624	4.572
0.612	5.268
0.457	4.102
0.599	5.356
0.409	3.031
1.087	1.364
1.063	2.
0.24	-2.611
0.597	5.207
0.279	2.084
0.493	4.69
0.455	3.047
1.569	0.9294
0.163	1.995
0.372	2.126
0.462	4.274
0.58	3.067
0.471	3.972
0.458	3.893
0.651	4.506
0.68	4.792
1.062	1.987
1.006	1.832
0.08	-0.2084
0.519	3.734
0.491	4.148
0.319	1.839
0.873	7.14
0.429	3.79
1.095	2.137
0.399	2.623
-0.061	0.5956
1.29	1.412
0.576	4.726
0.977	1.823
0.738	5.692
0.45	2.936
0.611	5.031
0.543	3.011
1.003	-0.4284
0.446	3.84
0.437	3.046
0.483	4.088
0.271	1.372
0.55	3.703
0.051	1.538
0.666	4.86
0.539	4.622
0.646	5.245
0.002	1.049
0.179	2.576
1.047	7.985
0.139	2.716
0.606	5.713
0.637	4.632
0.476	10.52
0.462	2.125
0.014	0.6448
0.557	5.1
0.535	3.224
0.073	0.2663
0.574	4.669
0.997	0.6879
0.107	2.065
0.446	3.249
0.889	7.151
0.79	5.37
1.626	1.291
0.703	4.374
0.767	5.454
0.771	6.076
0.488	2.891
0.501	3.938
0.463	3.987
0.504	2.568
1.623	1.787
0.345	3.698
0.31	-2.15
1.032	1.864
0.159	0.8883
0.835	7.131
0.06	-4.519
0.452	4.55
0.488	3.84
1.072	2.619
1.198	8.555
1.595	0.7466
-0.04	0.3832
0.248	2.189
0.917	7.419
0.606	4.241
0.512	4.238
0.603	5.559
0.623	4.287
0.192	1.94
0.989	1.606
0.508	4.89
0.522	4.197
0.004	1.045
0.252	2.613
1.111	4.006
0.431	3.461
0.059	1.138
0.974	4.228
0.056	1.908
0.547	3.979
0.451	2.609
0.621	4.952
0.271	2.812
0.078	-0.7725
0.337	4.218
1.643	0.9699
0.179	1.007
0.439	2.143
0.243	1.281
0.838	2.942
0.337	2.727
0.651	5.662
1.033	2.304
0.484	3.912
0.398	1.553
0.413	1.541
0.222	1.28
0.328	2.838
0.422	3.409
-0.123	-0.2743
0.491	4.45
1.087	8.055
0.524	4.588
0.484	2.938
0.313	2.964
0.33	2.764
1.011	5.437
0.461	2.541
0.545	4.068
0.346	3.528
0.935	3.517
0.649	2.95
0.545	3.498
0.062	1.895
0.912	0.7394
0.998	2.544
0.63	5.271
-0.028	1.097
0.424	2.959
-0.064	-0.5233
0.097	1.739
0.382	2.709
0.588	5.212
0.734	4.073
0.509	10.04
0.204	0.5193
0.622	4.493
0.197	0.729
1.606	0.5663
0.325	2.906
0.709	5.679
0.376	2.435
1.035	2.061
0.634	5.552
0.563	3.93
1.012	2.037
0.611	4.687
0.926	1.832
0.439	3.097
0.446	4.176
1.191	2.209
0.715	5.659
0.588	5.152
0.008	1.078
0.566	4.909
0.727	5.971
0.753	5.252
0.587	4.897
0.502	3.525
0.223	2.077
-0.115	-0.4549
0.605	3.633
0.972	2.522
0.137	1.743
0.525	3.682
0.557	4.086
0.597	3.244
0.056	2.017
0.347	2.768
-0.009	1.309
0.669	6.384
0.38	3.062
0.4	3.772
0.531	5.384
0.424	2.412
0.609	5.126
-0.018	1.069
0.208	1.962
0.382	3.178
0.721	5.322
0.878	4.176
1.033	2.053
0.229	3.065
0.608	4.9
0.965	14.15
0	-4.059
0.467	4.043
0.486	3.502
0.674	5.599
0.524	2.492
1.011	4.519
0.573	5.055
1.053	1.921
0.481	4.637
0.385	3.761
0.566	4.429
0.597	4.727
0.184	1.647
0.564	3.977
0.611	3.981
0.005	1.21
0.822	6.462
0.965	1.667
0.674	3.363
0.87	3.234
0.453	2.618
0.565	5.361
1.012	1.538
0.455	3.652
0.543	5.087
0.261	2.381
0.764	6.08
-0.129	-0.3757
0.266	3.235
0.556	4.545
0.621	3.718
0.044	-0.01332
0.842	6.558
0.881	0.5275
0.948	7.229
0.43	3.874
0.81	1.568
0.427	2.924
0.33	1.625
0.495	4.212
0.55	4.818
0.592	5.167
0.13	1.389
0.611	5.256
0.485	3.257
0.287	2.463
0.469	2.715
0.302	2.676
0.614	4.872
0.182	2.033
0.477	4.09
0.588	3.08
0.545	4.558
0.663	5.087
0.608	5.244
0.486	3.114
0.489	4.118
0.282	2.705
0.282	1.255
0.515	3.232
0.983	7.666
0.697	4.971
0.48	3.593
0.537	4.258
0.742	5.789
0.706	5.971
0.465	3.5
0.887	6.807
0.498	3.77
0.545	4.488
0.019	1.539
0.658	4.248
0.147	1.877
0.574	4.64
1.078	1.504
0.191	0.9284
0.024	2.37
0.867	6.679
0.566	4.777
-0.21	-6.505
0.399	2.927
0.932	3.079
0.325	3.478
0.569	3.419
0.997	1.383
0.373	3.412
0.552	4.585
0.844	9.833
0.393	3.291
0.989	1.977
1.	1.897
0.531	4.492
0.681	5.411
0.658	5.89
0.05	1.636
1.025	2.105
0.97	3.07
0.573	2.069
0.632	4.292
0.386	2.585
0.396	2.741
0.533	5.058
0.698	5.678
0.498	2.75
0.496	4.295
0.39	3.534
0.425	3.853
0.066	1.733
1.412	9.827
0.513	2.606
0.322	2.425
0.151	1.85
0.677	4.959
0.972	7.533
0.309	2.823
1.114	1.927
0.442	2.464
0.234	1.891
0.658	4.851
0.58	4.273
0.651	2.255
0.18	1.206
0.04	-5.133
0.635	5.398
1.025	3.342
1.218	3.792
0.422	2.081
0.225	1.121
-0.008	0.1352
0.592	4.398
1.93	1.455
0.769	6.717
0.639	4.743
0	-3.552
1.198	1.307
0.516	4.556
0.429	3.83
1.559	1.88
0.936	7.15
0.788	4.632
0.751	6.097
0.627	3.654
-0.076	0.1044
0.31	1.969
0.561	3.876
0.383	4.279
0.141	1.186
0.68	5.293
0.602	3.436
0.637	3.568
1.024	0.9266
0.467	3.915
0.046	1.265
1.171	2.32
0.452	3.962
-0.132	-1.161
0.963	1.857
0.291	2.02
0.449	3.614
0.476	3.477
0.409	0.8698
0.34	-3.682
0.676	4.726
0.481	3.868
0.614	5.072
0.564	3.881
0.504	4.219
1.523	9.916
-0.009	-0.7406
-0.047	-0.09831
0.363	3.562
0.491	3.116
0.441	3.759
0.968	6.836
0.552	4.593
0.502	4.394
0.601	5.542
0.646	5.181
0.461	1.785
0.401	2.157
0.726	5.488
0.648	4.559
0.466	2.691
0.17	-3.851
0.55	2.661
0.616	4.706
0.519	4.351
0.463	3.057
0.51	4.405
1.29	-1.005
0.557	4.356
0.426	3.77
1.07	1.497
0.028	1.527
0.355	2.772
0.53	4.638
0.603	5.005
0.61	3.394
0.577	4.784
0.344	0.9955
0.403	2.421
0.875	6.28
0.994	2.58
-0.05	0.144
0.424	3.079
0.611	4.854
0.993	8.963
0.154	1.732
0.314	3.517
0.698	4.686
0.38	2.161
0.39	2.754
1.198	2.748
0.213	3.582
0.408	3.337
0.611	3.387
1.093	1.518
1.173	2.521
0.698	6.437
1.059	7.692
0.059	2.488
0.092	0.9061
0.531	4.389
0.571	2.336
0.47	3.475
0.903	7.465
0.472	4.07
0.696	3.173
0.582	4.796
0.618	5.09
-0.009	0.06724
0.485	2.936
0.53	4.182
0.053	-0.001374
1.24	0.8465
0.891	6.838
0.517	3.055
1.172	2.546
0.527	3.134
0.545	4.738
0.604	5.624
0.677	5.152
0.495	4.323
0.21	2.166
1.174	2.835
0.57	4.09
0.75	6.297
1.14	1.658
0.567	3.589
0.235	2.686
1.456	0.2924
0.445	2.101
0.523	3.238
0.712	4.326
0.769	5.907
0.623	4.984
0.538	4.091
0.315	2.903
0.538	2.521
0.114	1.347
0.689	5.984
0.416	3.109
0.492	2.948
0.418	2.938
1.137	7.766
0.491	4.306
0.316	3.654
0.228	2.534
0.974	3.412
1.273	2.656
0.556	4.91
0.401	3.307
0.186	2.061
0.551	4.02
1.483	1.722
-0.007	-0.0407
0.566	5.095
0.445	3.693
0.727	3.782
0.728	6.574
0.507	3.151
0.278	2.64
0.838	6.741
0.442	3.594
0.659	5.83
0.992	2.173
0.037	0.7171
-0.017	0.969
0.343	1.801
0.013	1.383
1.179	2.216
0.239	3.037
0.826	6.943
0.611	4.373
0.54	3.982
0.703	5.848
0.513	3.113
0.929	2.927
-0.033	0.1956
1.02	1.754
0.644	4.904
0.651	5.883
0.422	3.918
0.538	3.325
0.547	2.647
0.339	3.181
0.025	1.75
0.877	6.897
0.391	3.192
1.073	2.303
0.67	6.274
0.475	4.643
0.147	1.733
0.09	1.636
1.092	1.166
0.474	4.013
0.833	6.345
0.197	2.017
0.252	1.319
0.513	3.94
0.644	5.125
0.534	4.493
0.531	3.055
0.443	4.171
0.411	3.77
0.074	1.351
1.001	2.318
1.031	8.164
0.521	4.11
0.612	5.234
0.46	3.585
0.503	4.296
0.506	3.769
-0.03	-4.63
-0.041	0.712
0.547	4.088
0.229	2.46
1.077	2.232
0.342	2.345
0.517	4.563
0.724	5.974
0.408	2.101
0.408	3.263
0.039	1.334
0.461	4.144
0.689	5.796
0.545	3.512
1.58	0.4123
0.425	3.84
0.098	1.391
0.045	1.733
0.507	3.435
0.63	3.84
0.16	-2.631
0.457	3.261
0.588	3.152
0.571	4.229
0.8	5.051
0.471	4.065
0.742	5.545
1.168	3.253
0.26	1.694
0.581	3.747
0.721	5.983
0.439	4.02
1.45	1.236
0.703	4.515
0.389	3.19
1.118	-0.0005697
0.23	1.754
0.001	0.7178
0.442	3.726
1.175	3.02
0.462	3.706
0.144	2.618
0.762	6.313
0.407	3.435
0.599	4.899
0.356	3.377
1.049	1.587
0.703	5.781
0.676	3.498
0.991	1.84
1.312	1.205
0.954	2.047
0.508	4.879
1.219	2.767
0.507	4.056
0.441	3.738
1.081	1.451
0.535	2.88
0.915	6.827
0.021	1.089
0.641	5.342
0.396	2.863
0.054	1.506
0.491	3.316
0.244	1.311
0.923	1.462
0.471	2.188
0.498	4.677
0.401	3.221
0.356	2.828
0.49	3.579
0.114	2.056
0.467	3.894
-0.024	1.995
0.505	4.222
0.104	2.222
0.42	-1.528
0.693	5.707
0.486	1.978
0.646	4.562
1.092	8.001
1.222	2.302
0.731	5.391
0.484	3.238
0.57	4.944
0.953	1.676
0.62	-1.012
0.639	4.645
1.021	-1.338
-0.121	-0.5153
0.641	5.586
0.562	4.525
1.602	1.465
1.032	2.017
0.555	4.654
0.098	1.307
0.384	3.677
0.137	1.73
0.766	6.349
1.	7.501
0.528	4.901
-0.014	0.4698
0.496	5.012
0.934	2.337
0.245	2.116
1.107	0.5878
0.393	2.877
0.482	3.768
0.698	5.462
1.048	2.643
0.492	4.147
0.602	5.931
0.531	4.328
0.752	6.438
0.521	4.062
0.562	5.556
0.482	2.674
0.466	3.558
0.975	7.571
0.774	6.101
0.526	3.581
1.018	1.371
0.598	5.097
0.285	2.762
0.419	3.219
0.283	3.258
0.782	1.45
1.12	2.811
1.064	1.457
0.901	7.142
0.948	3.181
0.346	4.125
0.117	-1.064
0.419	3.654
0.309	3.254
0.217	1.078
0.467	3.199
1.081	8.454
0.566	3.322
0.376	1.454
0.517	4.312
0.41	1.746
0.88	7.234
0.585	3.172
0.49	2.559
0.272	3.333
-0.125	-1.004
1.069	1.827
0.285	0.03941
0.476	3.86
0.008	-0.06438
0.46	3.048
-0.065	0.9247
0.377	3.217
1.186	8.682
0.46	3.787
0.617	3.833
1.149	1.627
0.482	2.767
1.008	3.178
0.608	4.974
0.554	4.086
0.443	4.372
0.547	4.147
0.399	3.341
0.752	6.265
0.409	3.426
0.94	1.833
0.163	2.074
0.479	2.826
1.096	1.454
0.38	2.334
0.46	3.222
0.578	4.95
0.01	-5.681
0.513	4.077
0.581	5.152
0.503	3.098
0.732	6.249
0.398	2.592
0.601	3.867
-0.086	-1.417
0.808	1.477
0.178	2.48
0.684	5.36
0.503	4.006
0.608	5.063
0.421	3.649
0.445	2.959
1.115	2.604
0.974	1.961
1.572	1.242
0.561	2.308
0.446	5.
-0.146	-0.9179
0.509	3.712
0.41	3.905
1.045	2.401
0.582	3.862
0.552	4.87
0.414	2.886
1.067	1.537
0.145	1.203
0.978	2.14
0.306	1.726
0.614	5.928
0.509	3.919
0.441	3.42
-0.027	1.137
0.538	3.624
0.611	4.975
0.839	5.791
1.093	1.622
0.334	0.8068
0.496	3.723
0.486	4.447
0.053	1.507
0.96	6.87
-0.078	0.3329
1.026	1.999
-0.033	0.04876
0.571	4.084
0.709	5.586
0.969	1.039
0.196	2.401
-0.03	0.006587
1.049	2.697
1.217	8.848
0.15	-2.762
0.077	0.4929
0.751	6.47
0.427	4.667
0.665	5.701
1.084	3.334
0.599	4.684
1.073	1.921
0.609	3.14
1.028	3.464
0.535	3.591
1.603	1.056
0.083	1.614
0.375	1.884
0.531	4.534
0.543	3.755
0.25	1.305
0.875	3.695
0.412	2.506
0.409	3.403
-0.036	0.8652
-0.061	0.5234
0.917	3.424
0.058	-0.3434
0.616	5.998
0.559	4.942
0.311	3.197
0.615	5.119
0.101	0.8806
0.712	4.209
0.438	4.257
0.38	3.492
0.429	3.793
0.871	7.07
0.041	0.6028
0.935	2.179
0.41	3.784
0.45	-2.258
0.964	1.82
0.547	4.827
0.595	0.9206
0.496	4.273
0.215	2.463
0.576	3.95
0.619	3.72
0.922	6.84
0.238	2.042
0.34	0.4904
0.432	3.827
0.343	2.082
0.007	1.058
0.404	2.443
1.087	2.773
0.799	4.398
0.421	2.693
0.52	-2.73
0.092	1.479
0.33	1.087
0.449	2.994
0.573	5.329
0.561	4.26
0.736	5.768
0.647	5.117
0.339	3.268
1.019	3.798
-0.045	0.3941
1.144	2.297
1.551	1.385
0.44	1.712
0.996	2.822
-0.043	-0.07242
0.447	4.501
0.561	4.55
0.554	4.581
0.84	6.493
0.446	2.76
1.035	1.61
0.639	5.472
0.408	3.783
0.554	4.062
0.17	0.9541
0.59	3.463
0.681	5.268
0.585	5.41
0.528	2.863
1.191	-0.8806
-0.095	-1.144
0.12	-4.063
0.046	0.7038
0.987	1.832
1.261	1.931
0.348	2.186
0.323	2.3
0.582	4.013
0.489	3.907
0.962	2.136
0.546	3.17
0.506	4.559
0.474	3.846
0.801	3.855
0.466	2.917
0.29	0.3891
0.235	2.636
0.414	2.045
0.471	3.671
0.951	1.366
0.189	0.06833
0.521	4.237
0.442	3.869
0.273	2.824
0.232	2.246
0.554	4.056
0.126	1.375
0.222	1.896
0.292	2.312
0.536	4.039
0.703	4.084
0.425	3.951
1.344	1.46
0.503	3.568
0.597	4.536
0.385	2.864
1.116	2.334
0.61	4.444
0.429	2.418
0.473	2.459
1.116	2.47
0.483	3.721
0.153	2.543
0.49	4.291
1.066	2.285
0.561	4.516
0.517	3.411
0.491	3.623
-0.02	-0.7499
0.111	1.165
0.896	1.433
1.242	2.06
1.556	1.871
0.641	5.602
0.87	2.726
0.053	0.474
0.479	4.467
0.516	4.247
0.496	3.911
0.469	3.938
0.149	1.232
0.727	5.362
0.281	0.7903
0.505	4.948
0.11	1.563
0.384	3.356
0.964	1.976
0.52	3.421
0.518	3.017
0.413	2.068
0.963	2.975
0.87	6.98
0.372	3.041
0.595	3.633
0.354	3.638
0.021	1.463
0.136	1.692
0.622	4.653
0.607	12.47
0.342	3.194
0.584	4.002
1.007	1.979
0.66	5.728
0.488	3.463
0.204	2.81
1.135	0.9238
0.646	4.059
0.523	4.333
0.528	4.58
0.945	1.658
0.578	3.818
0.903	2.806
0.215	1.294
0.95	1.275
0.621	4.831
1.116	1.953
0.615	4.925
0.054	1.766
-0.101	0.00014
0.653	4.033
0.511	4.506
0.568	4.678
0.611	4.243
0.351	3.37
0.339	3.146
-0.092	0.4339
0.428	3.694
0.891	13.75
0.632	5.56
0.509	3.727
-0.053	0.08132
0.661	5.354
0.775	2.702
0.432	4.155
0.376	3.858
0.058	1.496
0.462	2.987
0.604	4.681
0.548	4.657
0.649	5.444
0.753	6.098
-0.026	1.207
0.302	2.348
0.388	2.981
1.073	3.137
0.475	4.404
0.67	4.63
-0.135	-1.031
0.443	3.831
0.528	4.472
1.137	2.656
0.368	3.291
0.724	5.973
0.98	2.947
0.922	1.602
0.116	1.811
0.651	4.8
0.31	3.052
0.665	5.673
-0.02	0.7307
0.939	4.834
0.405	2.283
0.078	0.9468
0.683	6.221
0.067	0.527
0.314	3.076
0.672	5.414
1.238	8.693
-0.153	-1.321
0.072	0.7692
0.47	4.07
0.039	1.06
0.979	1.485
0.321	0.5863
0.93	1.874
0.052	1.915
0.538	3.91
0.691	6.177
0.356	3.561
0.517	4.417
0.672	5.871
-0.058	0.5546
0.925	1.268
0.471	4.065
0.75	5.971
0.416	3.407
0.557	3.978
0.924	7.176
-0.107	-1.69
0.275	2.117
1.241	2.277
0.51	6.232
0.76	6.663
0.428	3.314
0.188	1.025
0.471	3.317
0.578	5.396
0.068	1.772
0.106	0.191
0.921	1.392
0.578	4.353
0.463	2.417
0.54	5.167
0.446	1.75
0.08	1.931
0.398	2.899
0.613	4.27
0.132	1.228
0.457	3.846
0.094	1.665
0.444	2.933
0.618	4.352
0.585	5.048
0.743	5.073
0.283	2.033
0.059	1.024
0.574	3.199
0.979	3.213
0.456	4.095
0.663	4.327
0.359	1.012
0.035	0.7665
0.214	1.277
0.508	2.013
0.535	3.817
0.637	5.244
0.768	2.889
0.639	5.293
0.658	5.394
0.83	3.442
0.492	4.638
0.574	4.638
0.531	4.801
1.146	2.852
0.645	5.435
0.545	4.617
0.362	2.841
0.416	3.629
0.682	4.516
0.071	2.498
0.1	1.529
0.98	2.102
-0.067	-0.2001
0.557	3.874
1.551	2.82
0.456	2.823
0.653	4.676
0.448	3.449
1.034	2.397
0.073	1.199
0.383	3.175
0.126	1.692
0.086	0.5167
0.359	2.063
-0.081	-0.8966
0.49	-1.38
0.538	4.623
1.253	2.396
0.75	5.819
1.168	2.621
0.467	3.518
0.654	5.458
0.549	2.433
0.326	-3.582
0.75	6.288
0.189	0.6488
0.371	3.473
0.563	4.34
0.969	1.357
0.427	4.369
0.474	4.091
0.519	4.082
0.019	0.5606
0.432	3.268
0.889	1.8
0.016	-0.4956
0.516	3.247
-0.087	-0.4965
0.96	7.631
0.112	1.003
0.536	3.961
0.34	3.624
0.489	3.02
0.483	4.643
0.791	6.54
0.537	3.66
0.516	4.765
0.594	12.77
0.691	5.657
1.711	1.7
1.019	1.686
0.079	1.396
0.248	9.249
0.898	8.129
0.455	4.197
0.29	-2.238
0.322	1.383
0.732	6.304
0.439	1.939
0.795	6.116
0.894	0.5646
-0.04	-4.039
1.069	2.066
0.103	1.664
0.137	2.074
0.414	2.295
0.18	-4.565
0.007	1.072
0.727	4.987
0.532	3.977
0.512	3.582
0.692	5.602
0.844	4.454
0.12	1.395
0.641	4.569
0.385	2.318
0.355	3.44
0.646	4.452
-0.071	-0.6021
0.497	3.452
0.571	5.202
1.037	1.916
1.017	1.777
0.089	1.225
1.138	3.047
0.604	5.384
0.598	4.936
0.472	3.318
1.016	3.79
1.133	2.234
1.139	2.127
1.169	2.364
0.702	4.564
0.417	2.829
0.545	4.763
0.885	1.897
0.498	4.648
0.398	3.599
0.726	4.794
0.051	3.259
1.09	3.224
0.637	3.403
1.176	8.239
1.	-1.798
0.562	4.043
0.649	5.96
0.714	6.065
0.495	4.101
0.814	6.719
-0.062	-0.1999
0.205	2.588
0.393	3.588
0.522	3.102
0.654	4.627
1.356	0.6769
0.931	4.316
0.444	3.724
0.59	4.688
0.887	6.471
0.528	3.588
0.312	2.857
0.382	2.357
1.072	1.829
1.035	2.212
0.577	3.244
0.649	5.315
0.426	3.417
1.576	-0.08895
0.998	2.545
0.807	6.251
0.41	3.174
0.59	5.327
0.14	-4.289
0.45	3.596
0.406	4.024
0.52	-1.189
0.409	1.88
0.923	2.416
0.571	5.049
1.03	1.916
0.021	0.6545
0.348	1.645
0.491	4.415
0.572	3.074
0.506	4.217
0.987	1.769
0.443	3.538
-0.006	0.285
0.382	3.406
0.391	2.154
0.357	3.043
0.616	3.26
0.998	7.148
0.603	6.061
0.93	1.215
1.207	1.978
0.394	3.142
0.703	6.126
1.304	0.782
0.192	2.108
0.913	2.406
0.375	11.53
1.009	1.215
0.719	4.928
0.79	4.057
0.535	4.606
0.5	4.903
0.31	2.503
0.502	3.792
1.052	1.62
0.463	3.385
0.174	0.4936
0.512	3.78
0.547	3.825
0.081	1.992
0.047	0.06686
-0.013	0.8903
0.783	6.199
0.283	1.787
0.326	2.859
0.957	2.014
0.013	-0.1336
0.842	3.464
1.344	0.2909
1.005	1.639
0.395	3.103
0.45	2.982
0.053	0.4179
0.327	1.309
0.453	1.8
0.422	3.974
0.01	0.08072
0.949	1.281
0.448	3.452
0.549	3.04
0.357	3.098
0.2	1.295
0.068	0.8672
0.385	2.924
0.828	6.252
0.61	5.361
0.846	4.458
0.38	2.83
0.549	3.605
0.481	4.191
0.794	6.357
0.039	1.023
0.971	1.837
0.675	5.479
1.575	0.5151
1.096	2.154
0.473	4.179
0.495	4.904
0.603	4.401
0.75	-2.635
0.365	3.46
0.501	3.407
0.594	5.838
0.376	2.609
0.269	2.41
0.653	4.599
0.446	3.084
0.46	-1.424
0.352	2.227
0.8	3.442
0.724	3.507
0.329	2.892
0.217	2.495
0.765	6.802
-0.04	-0.1088
1.574	0.4989
0.54	4.774
0.559	4.106
1.106	1.355
0.833	3.579
0.276	2.9
0.13	-4.029
1.155	8.652
0.414	2.997
0.477	2.217
0.512	3.352
0.508	4.293
-0.002	1.166
0.429	1.716
0.446	3.564
0.606	4.927
1.022	1.49
0.525	3.915
0.523	4.297
0.545	3.939
0.001	0.09621
0.411	2.248
0.797	7.921
1.101	2.422
0.217	1.681
0.686	5.87
1.009	1.356
0.949	1.856
0.182	2.09
0.491	3.812
0.865	4.482
1.031	2.855
0.467	3.787
0.462	3.832
0.71	4.509
0.247	2.124
0.033	1.188
1.313	1.821
0.649	5.391
1.108	2.67
-0.041	0.3739
0	-4.559
0.536	4.443
-0.06	-3.69
0.1	1.457
1.031	2.771
0.381	3.162
0.424	3.587
0.706	5.121
0.28	2.501
0.479	3.634
0.662	5.622
0.649	4.079
0.463	3.878
0.472	3.773
0.398	4.305
0.505	4.661
0	-5.353
0.521	3.376
-0.104	0.09746
1.148	1.87
1.182	2.549
0.667	3.415
1.184	8.52
0.663	4.837
0.46	3.898
0.468	3.837
0.896	1.378
0.914	3.495
0.559	3.458
0.512	2.711
0.29	3.139
0.971	2.241
0.795	6.91
0.438	3.76
1.063	1.971
0.722	4.438
1.096	2.07
1.278	3.248
0.628	4.908
0.632	4.95
1.129	1.62
0.22	2.646
0	-4.316
0.629	5.09
0.54	3.866
0.925	2.099
0.44	2.017
0.888	0.2602
0.526	4.279
-0.076	-0.2758
0.64	3.594
0.623	2.466
0.627	4.277
0.419	1.995
1.401	0.5389
0.131	1.699
0.611	4.445
0.319	2.82
0.22	-2.56
0.024	1.032
0.544	3.462
1.503	1.803
0.331	-0.774
-0.051	-0.6396
0.93	-2.072
0.957	7.328
0.263	0.0688
0.37	3.167
0.722	6.146
0.747	5.8
0.734	4.965
1.029	1.964
0.557	3.377
0.589	4.323
0.18	-3.399
0.651	5.125
0.54	4.687
0.674	5.225
0.521	5.388
0.582	3.561
0.577	5.29
0.074	1.917
0.935	1.674
0.456	3.546
0.429	3.72
0.472	4.463
0.696	5.39
0.512	3.04
0.525	4.232
0.399	3.713
0.488	4.323
0.959	3.474
1.487	0.5751
0.536	4.758
0.587	5.474
0.637	4.258
0.495	4.167
0.413	2.678
0.483	3.713
1.041	2.782
0.472	4.529
0.384	3.155
0.571	3.162
0.294	2.696
0.552	4.915
0.573	4.641
0.926	2.692
0.538	5.001
0.442	4.888
0.676	4.121
1.153	3.192
0.658	5.643
0.247	1.835
0.473	3.701
0.481	2.574
0.648	4.711
0.635	5.978
0.64	5.898
0.479	4.186
0.573	4.024
0.546	4.146
0.373	3.716
0.165	0.5158
0.538	4.401
0.413	4.18
1.484	1.947
0.056	0.888
0.335	2.656
0.028	0.5852
0.701	3.889
0.63	13.56
0.493	3.952
0.507	3.525
0.549	4.18
-0.052	1.235
0.311	3.182
0.561	3.149
0.296	1.384
0.954	1.634
0.519	4.147
1.168	2.655
0.462	3.075
0.481	3.235
0.665	4.774
0.388	2.974
0.716	5.175
0.553	3.088
0.039	0.9658
0.66	5.822
0.368	3.175
0.535	4.481
0.033	1.685
0.934	1.201
0.477	4.512
0.64	3.956
0.373	2.579
0.482	2.139
0.38	2.544
0.675	4.987
0.535	4.275
1.182	0.7606
0.377	3.713
0.504	4.116
0.308	2.876
0.54	4.449
0.552	4.736
-0.136	-2.446
0.199	1.806
0.448	2.705
0.389	2.386
0.724	5.789
1.02	1.717
0.476	3.957
0.555	4.67
0.847	6.383
0.564	4.789
-0.104	-0.5696
0.147	2.128
0.565	4.415
0.367	3.16
0.585	5.092
0.25	-0.6697
0.768	4.874
0.97	2.072
0.513	4.646
0.558	4.717
1.139	1.338
0.487	3.339
0.6	4.651
-0.054	0.1576
0.665	5.346
0.071	0.7133
0.849	3.706
0.04	1.154
0.297	2.294
1.076	1.85
0.346	2.839
0.406	2.975
0.55	4.779
0.691	5.166
0.942	2.772
0.603	4.826
1.507	1.16
0.493	3.426
0.499	4.518
0.447	3.442
0.332	4.024
0.416	3.004
0.378	3.182
0.569	1.679
0.175	1.736
0.712	5.914
0.516	2.803
0.723	5.562
0.604	4.391
0.408	3.261
1.202	3.12
0.713	3.325
0.275	0.5984
0.778	6.449
0.72	4.923
0.627	5.095
0.461	3.951
0.365	3.342
0.117	1.59
0.335	1.048
0.029	1.081
0.453	3.126
0.858	6.368
1.009	2.524
0.061	0.7592
-0.067	1.382
0.485	3.81
1.296	0.2346
0.48	-1.112
-0.054	1.43
0.559	4.869
0.103	1.264
0.802	2.504
0.523	5.366
0.951	1.227
0.107	1.587
-0.035	0.01237
-0.041	0.8576
0.466	4.263
0.089	1.122
0.505	3.614
0.636	5.334
0.404	3.638
0.495	4.054
0.449	2.851
0.603	3.633
0.712	4.839
0.065	1.587
-0.09	-2.257
0.62	4.789
0.425	3.614
0.152	1.579
0.519	3.239
0.701	4.475
0.555	3.143
0.91	2.948
0.488	3.818
0.632	3.38
0.995	2.036
0.495	4.056
0.465	3.716
0.649	5.615
0.501	2.827
1.04	2.052
0.996	4.478
0.497	4.248
0.413	3.332
0.04	1.753
0.432	1.748
0.122	1.811
0.508	3.717
0.648	4.567
1.052	1.559
0.511	4.522
1.138	1.752
0.538	4.372
0.5	3.29
0.072	1.487
0.778	6.058
0.66	5.019
0.394	4.104
0.589	4.682
0.502	4.062
0.969	1.957
1.226	2.528
0.109	1.759
0.038	1.772
1.093	2.077
0.548	3.778
0.563	4.172
0.081	1.425
0.59	3.152
0.573	4.865
0.476	3.821
0.497	0.4044
0.316	3.148
0.737	5.803
0.488	3.174
0.839	3.436
0.457	3.529
-0.038	0.7985
0.522	3.283
0.811	3.955
0.179	0.2003
0.474	4.622
0.054	1.375
0.389	1.635
0.649	2.495
0.486	3.969
0.024	0.5794
0.22	-3.409
1.153	1.68
0.424	4.524
0.576	4.119
0.359	3.047
0.675	5.696
0.788	4.466
-0.033	0.3283
-0.026	0.7171
0.615	3.965
-0.042	1.092
0.006	1.087
0.873	1.978
1.568	1.326
0.542	2.475
0.953	2.142
-0.155	-3.687
0.434	3.956
0.509	4.013
-0.012	1.118
0.633	5.61
0.548	3.344
0.522	4.157
0.566	4.95
0.16	1.111
0.313	2.411
0.58	4.236
0.018	0.2804
0.012	0.8967
0.333	1.881
0.47	-1.012
0.677	5.974
0.359	3.075
0.539	3.82
0.594	4.641
0.767	5.591
0.5	3.775
0.545	3.4
0.042	1.093
0.004	2.098
1.093	1.147
0.412	2.826
0.377	1.657
0.172	2.109
0.07	1.087
0.237	2.76
0.4	-2.808
0.165	2.338
0.975	1.845
0.6	-0.8576
0.411	4.229
0.614	12.44
0.375	2.782
0.39	-4.319
0.205	2.563
0.578	5.023
0.377	3.677
1.133	8.288
0.429	3.622
0.391	3.608
0.412	2.319
0.411	2.201
1.034	3.483
0.625	3.857
0.245	1.292
0.394	2.717
0.785	6.628
0.368	3.733
0.485	4.139
1.568	1.127
0.503	4.133
0.963	2.312
0.562	4.875
0.719	3.932
0.608	4.316
0.833	4.287
1.225	2.712
0.177	-0.2731
0.365	3.227
0.755	3.988
0.007	1.776
0.681	4.527
1.142	2.73
0.504	3.399
0.62	5.51
0.591	4.919
0.585	5.043
0.889	6.566
0.669	4.951
1.118	2.703
0.642	5.188
0.254	0.2781
0.086	0.5019
0.258	2.456
0.966	1.501
1.405	1.141
0.493	4.201
1.009	7.81
0.336	1.825
0.208	1.754
0.519	4.404
0.449	3.468
0.644	4.271
0.715	5.674
0.839	6.215
0.53	4.479
0.373	2.721
0.481	3.227
0.51	4.288
0.9	2.234
0.361	2.126
0.8	-1.073
0.666	4.317
0.26	-3.489
0.588	3.586
0.488	3.394
1.077	2.097
1.094	1.719
0.534	3.513
0.646	5.456
0.562	5.099
0.292	2.622
0.36	2.949
0.58	4.756
1.152	2.914
1.209	13.58
1.151	2.741
0.896	2.762
0.691	4.718
0.508	3.37
0.623	4.893
0.715	4.938
1.07	0.6632
1.58	1.025
0.608	11.77
1.487	1.199
1.106	2.755
0.467	3.928
0.146	2.064
0.479	3.637
0.564	4.121
0.688	5.55
1.033	2.198
0.684	4.868
0.173	1.665
0.17	1.034
0.594	2.872
0.56	2.909
0.61	5.052
0.565	4.087
0.958	2.774
0.645	4.752
0.759	5.731
0.392	2.343
0.621	4.56
0.611	4.265