l   t4  t5  t58 t7  t15 tl
0	0	0	0	0	0	3.00e14
16.	0	0	0	0	0	3.00e14
18.	0	0	0	0	1.35	3.00e14
20.	0	0	0	0	165.	3.00e14
22.	0	0	0	0	8.05e3	3.00e14
24.	0	0	0	0	1.98e5	3.00e14
26.	0	0	0	0	2.88e6	3.00e14
28.	0	0	0	0	2.78e7	3.00e14
30.	0	0	0	0	1.94e8	3.00e14
32.	0	0	0	0	1.04e9	3.00e14
34.	0	0	0	0	4.47e9	3.00e14
36.	0	0	0	0	1.61e10	3.00e14
38.	0	0	0	0.0100	5.01e10	3.00e14
40.	0	0	0	0.170	1.37e11	3.00e14
42.	0	0	0	1.51	3.37e11	3.00e14
44.	0	0	0	11.1	7.55e11	3.00e14
46.	0	0	0.0100	68.0	1.56e12	3.00e14
48.	0	0	0.0500	354.	3.01e12	3.00e14
50	0	0	0.320	1.60e3	5.47e12	3.00e14
55	0	0.0100	18.3	4.20e4	1.95e13	3.00e14
60	0	0.680	509.	6.14e5	5.40e13	3.00e14
65	0	18.2	8.23e3	5.76e6	1.24e14	3.00e14
70	0.0100	298.	8.71e4	3.81e7	2.46e14	3.00e14
75	0.220	3.28e3	6.57e5	1.92e8	3.00e14	3.00e14
80	3.23	2.62e4	3.77e6	7.71e8	3.00e14	3.00e14
85	33.7	1.61e5	1.73e7	2.59e9	3.00e14	3.00e14
90	266.	7.96e5	6.58e7	7.46e9	3.00e14	3.00e14
95	1.67e3	3.27e6	2.15e8	1.90e10	3.00e14	3.00e14
100	8.60e3	1.15e7	6.14e8	4.33e10	3.00e14	3.00e14
105	3.74e4	3.56e7	1.57e9	9.05e10	3.00e14	3.00e14
110	1.41e5	9.83e7	3.64e9	1.75e11	3.00e14	3.00e14
115	4.69e5	2.46e8	7.79e9	3.16e11	3.00e14	3.00e14
120	1.40e6	5.64e8	1.55e10	5.38e11	3.00e14	3.00e14
125	3.78e6	1.20e9	2.89e10	8.70e11	3.00e14	3.00e14
130	9.41e6	2.40e9	5.10e10	1.35e12	3.00e14	3.00e14
135	2.17e7	4.51e9	8.56e10	2.01e12	3.00e14	3.00e14
140	4.70e7	8.06e9	1.38e11	2.88e12	3.00e14	3.00e14
145	9.57e7	1.37e10	2.13e11	4.01e12	3.00e14	3.00e14
150	1.85e8	2.25e10	3.18e11	5.44e12	3.00e14	3.00e14
155	3.41e8	3.55e10	4.61e11	7.18e12	3.00e14	3.00e14
160	6.00e8	5.41e10	6.49e11	9.28e12	3.00e14	3.00e14
165	1.02e9	8.01e10	8.90e11	1.18e13	3.00e14	3.00e14
170	1.67e9	1.15e11	1.19e12	1.46e13	3.00e14	3.00e14
175	2.64e9	1.62e11	1.57e12	1.79e13	3.00e14	3.00e14
180	4.06e9	2.22e11	2.02e12	2.15e13	3.00e14	3.00e14
185	6.08e9	2.98e11	2.56e12	2.55e13	3.00e14	3.00e14
190	8.89e9	3.93e11	3.19e12	2.99e13	3.00e14	3.00e14
195	1.27e10	5.10e11	3.91e12	3.47e13	3.00e14	3.00e14
200	1.77e10	6.50e11	4.74e12	3.98e13	3.00e14	3.00e14
205	2.43e10	8.16e11	5.67e12	4.52e13	3.00e14	3.00e14
210	3.28e10	1.01e12	6.71e12	5.09e13	3.00e14	3.00e14
215	4.34e10	1.24e12	7.85e12	5.69e13	3.00e14	3.00e14
220	5.66e10	1.49e12	9.10e12	6.30e13	3.00e14	3.00e14
225	7.28e10	1.79e12	1.04e13	6.93e13	3.00e14	3.00e14
230	9.23e10	2.11e12	1.19e13	7.58e13	3.00e14	3.00e14
235	1.16e11	2.48e12	1.34e13	8.23e13	3.00e14	3.00e14
240	1.43e11	2.88e12	1.51e13	8.89e13	3.00e14	3.00e14
245	1.76e11	3.32e12	1.68e13	9.56e13	3.00e14	3.00e14
250	2.13e11	3.80e12	1.86e13	1.02e14	3.00e14	3.00e14
255	2.56e11	4.31e12	2.05e13	1.09e14	3.00e14	3.00e14
260	3.05e11	4.86e12	2.24e13	1.15e14	3.00e14	3.00e14
265	3.60e11	5.45e12	2.44e13	1.22e14	3.00e14	3.00e14
270	4.21e11	6.07e12	2.64e13	1.28e14	3.00e14	3.00e14
275	4.90e11	6.72e12	2.85e13	1.34e14	3.00e14	3.00e14
280	5.65e11	7.40e12	3.06e13	1.40e14	3.00e14	3.00e14
285	6.49e11	8.12e12	3.27e13	1.46e14	3.00e14	3.00e14
290	7.39e11	8.86e12	3.49e13	1.51e14	3.00e14	3.00e14
295	8.38e11	9.63e12	3.70e13	1.57e14	3.00e14	3.00e14
300	9.44e11	1.04e13	3.92e13	1.62e14	3.00e14	3.00e14
305	1.06e12	1.12e13	4.13e13	1.67e14	3.00e14	3.00e14
310	1.18e12	1.20e13	4.34e13	1.72e14	3.00e14	3.00e14
315	1.31e12	1.29e13	4.55e13	1.76e14	3.00e14	3.00e14
320	1.45e12	1.37e13	4.76e13	1.80e14	3.00e14	3.00e14
325	1.59e12	1.46e13	4.96e13	1.84e14	3.00e14	3.00e14
330	1.75e12	1.55e13	5.16e13	1.88e14	3.00e14	3.00e14
335	1.91e12	1.64e13	5.36e13	1.91e14	3.00e14	3.00e14
340	2.07e12	1.72e13	5.55e13	1.94e14	3.00e14	3.00e14
345	2.25e12	1.81e13	5.74e13	1.97e14	3.00e14	3.00e14
350	2.43e12	1.90e13	5.92e13	2.00e14	3.00e14	3.00e14
355	2.61e12	1.99e13	6.09e13	2.03e14	3.00e14	3.00e14
360	2.80e12	2.07e13	6.26e13	2.05e14	3.00e14	3.00e14
365	3.00e12	2.16e13	6.42e13	2.07e14	3.00e14	3.00e14
370	3.21e12	2.25e13	6.58e13	2.08e14	3.00e14	3.00e14
375	3.41e12	2.33e13	6.73e13	2.10e14	3.00e14	3.00e14
380	3.62e12	2.41e13	6.87e13	2.11e14	3.00e14	3.00e14
385	3.84e12	2.49e13	7.01e13	2.12e14	3.00e14	3.00e14
390	4.06e12	2.57e13	7.14e13	2.13e14	3.00e14	2.91e14
395	4.28e12	2.65e13	7.26e13	2.14e14	3.00e14	2.73e14
400	4.50e12	2.73e13	7.38e13	2.15e14	3.00e14	2.57e14
405	4.73e12	2.80e13	7.49e13	2.15e14	3.00e14	2.41e14
410	4.96e12	2.87e13	7.59e13	2.15e14	3.00e14	2.27e14
415	5.19e12	2.94e13	7.68e13	2.15e14	3.00e14	2.13e14
420	5.42e12	3.01e13	7.77e13	2.15e14	3.00e14	2.01e14
425	5.65e12	3.08e13	7.86e13	2.15e14	3.00e14	1.90e14
430	5.88e12	3.14e13	7.93e13	2.15e14	3.00e14	1.79e14
435	6.11e12	3.20e13	8.00e13	2.14e14	3.00e14	1.69e14
440	6.34e12	3.26e13	8.07e13	2.13e14	3.00e14	1.59e14
445	6.57e12	3.32e13	8.12e13	2.13e14	3.00e14	1.51e14
450	6.80e12	3.37e13	8.18e13	2.12e14	3.00e14	1.42e14
455	7.02e12	3.42e13	8.22e13	2.11e14	3.00e14	1.35e14
460	7.25e12	3.47e13	8.26e13	2.10e14	3.00e14	1.28e14
465	7.47e12	3.52e13	8.30e13	2.09e14	3.00e14	1.21e14
470	7.69e12	3.57e13	8.33e13	2.08e14	3.00e14	1.15e14
475	7.91e12	3.61e13	8.35e13	2.06e14	3.00e14	1.09e14
480	8.12e12	3.65e13	8.37e13	2.05e14	3.00e14	1.03e14
485	8.33e12	3.68e13	8.39e13	2.04e14	3.00e14	9.79e13
490	8.54e12	3.72e13	8.40e13	2.02e14	3.00e14	9.30e13
495	8.74e12	3.75e13	8.41e13	2.00e14	3.00e14	8.84e13
500	8.94e12	3.78e13	8.41e13	1.99e14	3.00e14	8.41e13
505	9.13e12	3.81e13	8.41e13	1.97e14	3.00e14	8.00e13
510	9.33e12	3.84e13	8.40e13	1.96e14	3.00e14	7.62e13
515	9.51e12	3.86e13	8.39e13	1.94e14	3.00e14	7.25e13
520	9.69e12	3.88e13	8.38e13	1.92e14	3.00e14	6.91e13
525	9.87e12	3.90e13	8.36e13	1.90e14	3.00e14	6.59e13
530	1.00e13	3.92e13	8.34e13	1.88e14	3.00e14	6.28e13
535	1.02e13	3.94e13	8.32e13	1.87e14	3.00e14	6.00e13
540	1.04e13	3.95e13	8.29e13	1.85e14	3.00e14	5.72e13
545	1.05e13	3.96e13	8.26e13	1.83e14	3.00e14	5.46e13
550	1.07e13	3.98e13	8.23e13	1.81e14	3.00e14	5.22e13
555	1.08e13	3.98e13	8.20e13	1.79e14	3.00e14	4.99e13
560	1.10e13	3.99e13	8.16e13	1.77e14	3.00e14	4.77e13
565	1.11e13	4.00e13	8.13e13	1.75e14	3.00e14	4.56e13
570	1.13e13	4.00e13	8.08e13	1.73e14	3.00e14	4.37e13
575	1.14e13	4.00e13	8.04e13	1.71e14	3.00e14	4.18e13
580	1.15e13	4.00e13	8.00e13	1.69e14	3.00e14	4.00e13
585	1.16e13	4.00e13	7.95e13	1.67e14	3.00e14	3.84e13
590	1.17e13	4.00e13	7.90e13	1.65e14	3.00e14	3.68e13
595	1.18e13	4.00e13	7.85e13	1.63e14	3.00e14	3.52e13
600	1.20e13	3.99e13	7.80e13	1.61e14	3.00e14	3.38e13
605	1.21e13	3.99e13	7.75e13	1.59e14	3.00e14	3.24e13
610	1.21e13	3.98e13	7.70e13	1.57e14	3.00e14	3.11e13
615	1.22e13	3.97e13	7.64e13	1.56e14	3.00e14	2.99e13
620	1.23e13	3.96e13	7.59e13	1.54e14	3.00e14	2.87e13
625	1.24e13	3.95e13	7.53e13	1.52e14	3.00e14	2.76e13
630	1.25e13	3.94e13	7.47e13	1.50e14	3.00e14	2.65e13
635	1.25e13	3.93e13	7.41e13	1.48e14	3.00e14	2.55e13
640	1.26e13	3.91e13	7.35e13	1.46e14	3.00e14	2.45e13
645	1.27e13	3.90e13	7.29e13	1.44e14	3.00e14	2.35e13
650	1.27e13	3.89e13	7.23e13	1.42e14	3.00e14	2.26e13
655	1.28e13	3.87e13	7.17e13	1.40e14	3.00e14	2.18e13
660	1.28e13	3.85e13	7.11e13	1.39e14	3.00e14	2.10e13
665	1.29e13	3.84e13	7.05e13	1.37e14	3.00e14	2.02e13
670	1.29e13	3.82e13	6.99e13	1.35e14	3.00e14	1.95e13
675	1.30e13	3.80e13	6.92e13	1.33e14	3.00e14	1.88e13
680	1.30e13	3.78e13	6.86e13	1.31e14	3.00e14	1.81e13
685	1.30e13	3.76e13	6.80e13	1.30e14	3.00e14	1.74e13
690	1.30e13	3.74e13	6.73e13	1.28e14	3.00e14	1.68e13
695	1.31e13	3.72e13	6.67e13	1.26e14	3.00e14	1.62e13
700	1.31e13	3.70e13	6.61e13	1.24e14	3.00e14	1.56e13
705	1.31e13	3.68e13	6.54e13	1.23e14	3.00e14	1.51e13
710	1.31e13	3.65e13	6.48e13	1.21e14	3.00e14	1.46e13
715	1.31e13	3.63e13	6.42e13	1.20e14	3.00e14	1.41e13
720	1.31e13	3.61e13	6.35e13	1.18e14	3.00e14	1.36e13
725	1.31e13	3.59e13	6.29e13	1.16e14	3.00e14	1.31e13
730	1.31e13	3.56e13	6.23e13	1.15e14	3.00e14	1.27e13
735	1.31e13	3.54e13	6.16e13	1.13e14	3.00e14	1.22e13
740	1.31e13	3.51e13	6.10e13	1.12e14	3.00e14	1.18e13
745	1.31e13	3.49e13	6.04e13	1.10e14	3.00e14	1.14e13
750	1.31e13	3.46e13	5.98e13	1.09e14	3.00e14	1.11e13
755	1.31e13	3.44e13	5.91e13	1.07e14	3.00e14	1.07e13
760	1.31e13	3.41e13	5.85e13	1.06e14	3.00e14	1.04e13
765	1.30e13	3.39e13	5.79e13	1.04e14	3.00e14	1.00e13
770	1.30e13	3.36e13	5.73e13	1.03e14	3.00e14	9.71e12
775	1.30e13	3.34e13	5.67e13	1.01e14	3.00e14	9.40e12
780	1.30e13	3.31e13	5.61e13	9.99e13	3.00e14	9.10e12
785	1.29e13	3.29e13	5.55e13	9.86e13	3.00e14	8.81e12
790	1.29e13	3.26e13	5.49e13	9.72e13	3.00e14	8.54e12
795	1.29e13	3.23e13	5.43e13	9.59e13	3.00e14	8.27e12
800	1.28e13	3.21e13	5.37e13	9.45e13	3.00e14	8.02e12
805	1.28e13	3.18e13	5.31e13	9.32e13	3.00e14	7.77e12
810	1.28e13	3.16e13	5.25e13	9.20e13	3.00e14	7.54e12
815	1.27e13	3.13e13	5.20e13	9.07e13	3.00e14	7.31e12
820	1.27e13	3.10e13	5.14e13	8.95e13	3.00e14	7.09e12
825	1.26e13	3.08e13	5.08e13	8.82e13	3.00e14	6.88e12
830	1.26e13	3.05e13	5.03e13	8.70e13	3.00e14	6.67e12
835	1.25e13	3.03e13	4.97e13	8.58e13	3.00e14	6.47e12
840	1.25e13	3.00e13	4.91e13	8.46e13	3.00e14	6.28e12
845	1.24e13	2.97e13	4.86e13	8.35e13	3.00e14	6.10e12
850	1.24e13	2.95e13	4.81e13	8.23e13	3.00e14	5.92e12
855	1.23e13	2.92e13	4.75e13	8.12e13	3.00e14	5.75e12
860	1.23e13	2.90e13	4.70e13	8.01e13	3.00e14	5.59e12
865	1.22e13	2.87e13	4.65e13	7.90e13	3.00e14	5.43e12
870	1.22e13	2.85e13	4.59e13	7.79e13	3.00e14	5.27e12
875	1.21e13	2.82e13	4.54e13	7.69e13	3.00e14	5.12e12
880	1.21e13	2.79e13	4.49e13	7.58e13	3.00e14	4.98e12
885	1.20e13	2.77e13	4.44e13	7.48e13	3.00e14	4.84e12
890	1.19e13	2.74e13	4.39e13	7.38e13	3.00e14	4.71e12
895	1.19e13	2.72e13	4.34e13	7.28e13	3.00e14	4.58e12
900	1.18e13	2.69e13	4.29e13	7.18e13	3.00e14	4.45e12
905	1.18e13	2.67e13	4.24e13	7.08e13	3.00e14	4.33e12
910	1.17e13	2.64e13	4.19e13	6.99e13	3.00e14	4.21e12
915	1.16e13	2.62e13	4.15e13	6.89e13	3.00e14	4.10e12
920	1.16e13	2.60e13	4.10e13	6.80e13	3.00e14	3.99e12
925	1.15e13	2.57e13	4.05e13	6.71e13	3.00e14	3.88e12
930	1.14e13	2.55e13	4.01e13	6.62e13	2.98e14	3.78e12
935	1.14e13	2.52e13	3.96e13	6.53e13	2.92e14	3.68e12
940	1.13e13	2.50e13	3.91e13	6.44e13	2.87e14	3.58e12
945	1.13e13	2.48e13	3.87e13	6.35e13	2.82e14	3.49e12
950	1.12e13	2.45e13	3.83e13	6.27e13	2.77e14	3.40e12
955	1.11e13	2.43e13	3.78e13	6.19e13	2.72e14	3.31e12
960	1.11e13	2.41e13	3.74e13	6.10e13	2.67e14	3.22e12
965	1.10e13	2.38e13	3.70e13	6.02e13	2.63e14	3.14e12
970	1.09e13	2.36e13	3.65e13	5.94e13	2.58e14	3.06e12
975	1.09e13	2.34e13	3.61e13	5.86e13	2.53e14	2.98e12
980	1.08e13	2.31e13	3.57e13	5.79e13	2.49e14	2.91e12
985	1.07e13	2.29e13	3.53e13	5.71e13	2.45e14	2.83e12
990	1.07e13	2.27e13	3.49e13	5.63e13	2.41e14	2.76e12
995	1.06e13	2.25e13	3.45e13	5.56e13	2.36e14	2.69e12
1000	1.05e13	2.23e13	3.41e13	5.49e13	2.32e14	2.63e12
1005	1.04e13	2.20e13	3.37e13	5.42e13	2.28e14	2.56e12
1010	1.04e13	2.18e13	3.33e13	5.34e13	2.25e14	2.50e12
1015	1.03e13	2.16e13	3.30e13	5.27e13	2.21e14	2.44e12
1020	1.02e13	2.14e13	3.26e13	5.21e13	2.17e14	2.38e12
1025	1.02e13	2.12e13	3.22e13	5.14e13	2.13e14	2.32e12
1030	1.01e13	2.10e13	3.19e13	5.07e13	2.10e14	2.27e12
1035	1.00e13	2.08e13	3.15e13	5.01e13	2.06e14	2.21e12
1040	9.97e12	2.06e13	3.11e13	4.94e13	2.03e14	2.16e12
1045	9.90e12	2.04e13	3.08e13	4.88e13	2.00e14	2.11e12
1050	9.83e12	2.02e13	3.04e13	4.81e13	1.96e14	2.06e12
1055	9.76e12	2.00e13	3.01e13	4.75e13	1.93e14	2.01e12
1060	9.69e12	1.98e13	2.97e13	4.69e13	1.90e14	1.96e12
1065	9.63e12	1.96e13	2.94e13	4.63e13	1.87e14	1.92e12
1070	9.56e12	1.94e13	2.91e13	4.57e13	1.84e14	1.87e12
1075	9.49e12	1.92e13	2.88e13	4.51e13	1.81e14	1.83e12
1080	9.42e12	1.90e13	2.84e13	4.46e13	1.78e14	1.79e12
1085	9.36e12	1.88e13	2.81e13	4.40e13	1.75e14	1.75e12
1090	9.29e12	1.87e13	2.78e13	4.34e13	1.72e14	1.71e12
1095	9.22e12	1.85e13	2.75e13	4.29e13	1.70e14	1.67e12
1100	9.16e12	1.83e13	2.72e13	4.24e13	1.67e14	1.63e12
1105	9.09e12	1.81e13	2.69e13	4.18e13	1.64e14	1.59e12
1110	9.02e12	1.79e13	2.66e13	4.13e13	1.62e14	1.56e12
1115	8.96e12	1.78e13	2.63e13	4.08e13	1.59e14	1.52e12
1120	8.89e12	1.76e13	2.60e13	4.03e13	1.57e14	1.49e12
1125	8.83e12	1.74e13	2.57e13	3.98e13	1.54e14	1.46e12
1130	8.76e12	1.72e13	2.54e13	3.93e13	1.52e14	1.43e12
1135	8.70e12	1.71e13	2.51e13	3.88e13	1.50e14	1.40e12
1140	8.63e12	1.69e13	2.48e13	3.83e13	1.47e14	1.36e12
1145	8.57e12	1.67e13	2.46e13	3.78e13	1.45e14	1.34e12
1150	8.50e12	1.66e13	2.43e13	3.74e13	1.43e14	1.31e12
1155	8.44e12	1.64e13	2.40e13	3.69e13	1.41e14	1.28e12
1160	8.38e12	1.62e13	2.38e13	3.65e13	1.38e14	1.25e12
1165	8.31e12	1.61e13	2.35e13	3.60e13	1.36e14	1.22e12
1170	8.25e12	1.59e13	2.32e13	3.56e13	1.34e14	1.20e12
1175	8.19e12	1.58e13	2.30e13	3.51e13	1.32e14	1.17e12
1180	8.13e12	1.56e13	2.27e13	3.47e13	1.30e14	1.15e12
1185	8.07e12	1.55e13	2.25e13	3.43e13	1.28e14	1.12e12
1190	8.00e12	1.53e13	2.22e13	3.39e13	1.27e14	1.10e12
1195	7.94e12	1.52e13	2.20e13	3.35e13	1.25e14	1.08e12
1200	7.88e12	1.50e13	2.18e13	3.31e13	1.23e14	1.06e12
1205	7.82e12	1.49e13	2.15e13	3.27e13	1.21e14	1.03e12
1210	7.76e12	1.47e13	2.13e13	3.23e13	1.19e14	1.01e12
1215	7.70e12	1.46e13	2.11e13	3.19e13	1.18e14	9.92e11
1220	7.64e12	1.44e13	2.08e13	3.15e13	1.16e14	9.72e11
1225	7.58e12	1.43e13	2.06e13	3.11e13	1.14e14	9.53e11
1230	7.53e12	1.42e13	2.04e13	3.08e13	1.12e14	9.33e11
1235	7.47e12	1.40e13	2.02e13	3.04e13	1.11e14	9.15e11
1240	7.41e12	1.39e13	1.99e13	3.00e13	1.09e14	8.96e11
1245	7.35e12	1.37e13	1.97e13	2.97e13	1.08e14	8.78e11
1250	7.30e12	1.36e13	1.95e13	2.93e13	1.06e14	8.61e11
1255	7.24e12	1.35e13	1.93e13	2.90e13	1.05e14	8.44e11
1260	7.18e12	1.33e13	1.91e13	2.86e13	1.03e14	8.27e11
1265	7.13e12	1.32e13	1.89e13	2.83e13	1.02e14	8.11e11
1270	7.07e12	1.31e13	1.87e13	2.80e13	1.00e14	7.95e11
1275	7.02e12	1.30e13	1.85e13	2.76e13	9.90e13	7.80e11
1280	6.96e12	1.28e13	1.83e13	2.73e13	9.76e13	7.65e11
1285	6.91e12	1.27e13	1.81e13	2.70e13	9.62e13	7.50e11
1290	6.85e12	1.26e13	1.79e13	2.67e13	9.49e13	7.36e11
1295	6.80e12	1.25e13	1.77e13	2.64e13	9.36e13	7.21e11
1300	6.75e12	1.24e13	1.75e13	2.61e13	9.23e13	7.08e11
1305	6.69e12	1.22e13	1.73e13	2.58e13	9.11e13	6.94e11
1310	6.64e12	1.21e13	1.72e13	2.55e13	8.98e13	6.81e11
1315	6.59e12	1.20e13	1.70e13	2.52e13	8.86e13	6.68e11
1320	6.54e12	1.19e13	1.68e13	2.49e13	8.74e13	6.56e11
1325	6.49e12	1.18e13	1.66e13	2.46e13	8.62e13	6.43e11
1330	6.43e12	1.17e13	1.65e13	2.43e13	8.51e13	6.31e11
1335	6.38e12	1.15e13	1.63e13	2.41e13	8.39e13	6.20e11
1340	6.33e12	1.14e13	1.61e13	2.38e13	8.28e13	6.08e11
1345	6.28e12	1.13e13	1.59e13	2.35e13	8.17e13	5.97e11
1350	6.23e12	1.12e13	1.58e13	2.33e13	8.06e13	5.86e11
1355	6.19e12	1.11e13	1.56e13	2.30e13	7.95e13	5.75e11
1360	6.14e12	1.10e13	1.55e13	2.27e13	7.85e13	5.65e11
1365	6.09e12	1.09e13	1.53e13	2.25e13	7.75e13	5.54e11
1370	6.04e12	1.08e13	1.51e13	2.22e13	7.64e13	5.44e11
1375	5.99e12	1.07e13	1.50e13	2.20e13	7.54e13	5.35e11
1380	5.95e12	1.06e13	1.48e13	2.17e13	7.45e13	5.25e11
1385	5.90e12	1.05e13	1.47e13	2.15e13	7.35e13	5.16e11
1390	5.85e12	1.04e13	1.45e13	2.13e13	7.25e13	5.06e11
1395	5.81e12	1.03e13	1.44e13	2.10e13	7.16e13	4.97e11
1400	5.76e12	1.02e13	1.42e13	2.08e13	7.07e13	4.89e11
1405	5.71e12	1.01e13	1.41e13	2.06e13	6.98e13	4.80e11
1410	5.67e12	1.00e13	1.39e13	2.04e13	6.89e13	4.71e11
1415	5.63e12	9.92e12	1.38e13	2.01e13	6.80e13	4.63e11
1420	5.58e12	9.83e12	1.37e13	1.99e13	6.71e13	4.55e11
1425	5.54e12	9.73e12	1.35e13	1.97e13	6.63e13	4.47e11
1430	5.49e12	9.64e12	1.34e13	1.95e13	6.55e13	4.39e11
1435	5.45e12	9.55e12	1.33e13	1.93e13	6.46e13	4.32e11
1440	5.41e12	9.47e12	1.31e13	1.91e13	6.38e13	4.24e11
1445	5.36e12	9.38e12	1.30e13	1.89e13	6.30e13	4.17e11
1450	5.32e12	9.29e12	1.29e13	1.87e13	6.22e13	4.10e11
1455	5.28e12	9.20e12	1.27e13	1.85e13	6.15e13	4.03e11
1460	5.24e12	9.12e12	1.26e13	1.83e13	6.07e13	3.96e11
1465	5.20e12	9.04e12	1.25e13	1.81e13	6.00e13	3.89e11
1470	5.16e12	8.95e12	1.24e13	1.79e13	5.92e13	3.83e11
1475	5.12e12	8.87e12	1.22e13	1.77e13	5.85e13	3.76e11
1480	5.08e12	8.79e12	1.21e13	1.75e13	5.78e13	3.70e11
1485	5.04e12	8.71e12	1.20e13	1.73e13	5.71e13	3.64e11
1490	5.00e12	8.63e12	1.19e13	1.71e13	5.64e13	3.58e11
1495	4.96e12	8.55e12	1.18e13	1.69e13	5.57e13	3.52e11
1500	4.92e12	8.47e12	1.16e13	1.68e13	5.50e13	3.46e11
1505	4.88e12	8.39e12	1.15e13	1.66e13	5.44e13	3.40e11
1510	4.84e12	8.32e12	1.14e13	1.64e13	5.37e13	3.35e11
1515	4.80e12	8.24e12	1.13e13	1.62e13	5.31e13	3.29e11
1520	4.77e12	8.17e12	1.12e13	1.61e13	5.24e13	3.24e11
1525	4.73e12	8.09e12	1.11e13	1.59e13	5.18e13	3.19e11
1530	4.69e12	8.02e12	1.10e13	1.57e13	5.12e13	3.13e11
1535	4.66e12	7.95e12	1.09e13	1.56e13	5.06e13	3.08e11
1540	4.62e12	7.88e12	1.08e13	1.54e13	5.00e13	3.03e11
1545	4.58e12	7.80e12	1.07e13	1.53e13	4.94e13	2.98e11
1550	4.55e12	7.73e12	1.06e13	1.51e13	4.88e13	2.94e11
1555	4.51e12	7.66e12	1.05e13	1.50e13	4.82e13	2.89e11
1560	4.48e12	7.60e12	1.04e13	1.48e13	4.77e13	2.84e11
1565	4.44e12	7.53e12	1.03e13	1.47e13	4.71e13	2.80e11
1570	4.41e12	7.46e12	1.02e13	1.45e13	4.66e13	2.75e11
1575	4.37e12	7.39e12	1.01e13	1.44e13	4.60e13	2.71e11
1580	4.34e12	7.33e12	9.97e12	1.42e13	4.55e13	2.67e11
1585	4.31e12	7.26e12	9.88e12	1.41e13	4.50e13	2.63e11
1590	4.27e12	7.20e12	9.79e12	1.39e13	4.45e13	2.59e11
1595	4.24e12	7.13e12	9.69e12	1.38e13	4.39e13	2.55e11
1600	4.21e12	7.07e12	9.60e12	1.36e13	4.34e13	2.51e11
1605	4.17e12	7.01e12	9.51e12	1.35e13	4.30e13	2.47e11
1610	4.14e12	6.95e12	9.42e12	1.34e13	4.25e13	2.43e11
1615	4.11e12	6.89e12	9.33e12	1.32e13	4.20e13	2.39e11
1620	4.08e12	6.83e12	9.25e12	1.31e13	4.15e13	2.35e11
1625	4.05e12	6.77e12	9.16e12	1.30e13	4.10e13	2.32e11
1630	4.02e12	6.71e12	9.07e12	1.29e13	4.06e13	2.28e11
1635	3.98e12	6.65e12	8.99e12	1.27e13	4.01e13	2.25e11
1640	3.95e12	6.59e12	8.91e12	1.26e13	3.97e13	2.21e11
1645	3.92e12	6.53e12	8.82e12	1.25e13	3.92e13	2.18e11
1650	3.89e12	6.48e12	8.74e12	1.24e13	3.88e13	2.15e11
1655	3.86e12	6.42e12	8.66e12	1.22e13	3.84e13	2.12e11
1660	3.83e12	6.36e12	8.58e12	1.21e13	3.79e13	2.08e11
1665	3.81e12	6.31e12	8.50e12	1.20e13	3.75e13	2.05e11
1670	3.78e12	6.25e12	8.42e12	1.19e13	3.71e13	2.02e11
1675	3.75e12	6.20e12	8.35e12	1.18e13	3.67e13	1.99e11
1680	3.72e12	6.15e12	8.27e12	1.16e13	3.63e13	1.96e11
1685	3.69e12	6.09e12	8.19e12	1.15e13	3.59e13	1.93e11
1690	3.66e12	6.04e12	8.12e12	1.14e13	3.55e13	1.91e11
1695	3.63e12	5.99e12	8.05e12	1.13e13	3.51e13	1.88e11
1700	3.61e12	5.94e12	7.97e12	1.12e13	3.48e13	1.85e11
1705	3.58e12	5.89e12	7.90e12	1.11e13	3.44e13	1.82e11
1710	3.55e12	5.84e12	7.83e12	1.10e13	3.40e13	1.80e11
1715	3.53e12	5.79e12	7.76e12	1.09e13	3.36e13	1.77e11
1720	3.50e12	5.74e12	7.69e12	1.08e13	3.33e13	1.75e11
1725	3.47e12	5.69e12	7.62e12	1.07e13	3.29e13	1.72e11
1730	3.45e12	5.64e12	7.55e12	1.06e13	3.26e13	1.70e11
1735	3.42e12	5.59e12	7.48e12	1.05e13	3.22e13	1.67e11
1740	3.39e12	5.55e12	7.42e12	1.04e13	3.19e13	1.65e11
1745	3.37e12	5.50e12	7.35e12	1.03e13	3.16e13	1.62e11
1750	3.34e12	5.45e12	7.29e12	1.02e13	3.12e13	1.60e11
1755	3.32e12	5.41e12	7.22e12	1.01e13	3.09e13	1.58e11
1760	3.29e12	5.36e12	7.16e12	1.00e13	3.06e13	1.56e11
1765	3.27e12	5.32e12	7.09e12	9.90e12	3.03e13	1.53e11
1770	3.24e12	5.27e12	7.03e12	9.81e12	2.99e13	1.51e11
1775	3.22e12	5.23e12	6.97e12	9.72e12	2.96e13	1.49e11
1780	3.20e12	5.18e12	6.91e12	9.63e12	2.93e13	1.47e11
1785	3.17e12	5.14e12	6.85e12	9.54e12	2.90e13	1.45e11
1790	3.15e12	5.10e12	6.79e12	9.45e12	2.87e13	1.43e11
1795	3.12e12	5.06e12	6.73e12	9.37e12	2.84e13	1.41e11
1800	3.10e12	5.01e12	6.67e12	9.28e12	2.81e13	1.39e11
1805	3.08e12	4.97e12	6.61e12	9.19e12	2.78e13	1.37e11
1810	3.06e12	4.93e12	6.55e12	9.11e12	2.76e13	1.35e11
1815	3.03e12	4.89e12	6.50e12	9.03e12	2.73e13	1.33e11
1820	3.01e12	4.85e12	6.44e12	8.95e12	2.70e13	1.32e11
1825	2.99e12	4.81e12	6.38e12	8.86e12	2.67e13	1.30e11
1830	2.97e12	4.77e12	6.33e12	8.78e12	2.65e13	1.28e11
1835	2.94e12	4.73e12	6.27e12	8.70e12	2.62e13	1.26e11
1840	2.92e12	4.69e12	6.22e12	8.63e12	2.59e13	1.25e11
1845	2.90e12	4.65e12	6.17e12	8.55e12	2.57e13	1.23e11
1850	2.88e12	4.62e12	6.11e12	8.47e12	2.54e13	1.21e11
1855	2.86e12	4.58e12	6.06e12	8.39e12	2.52e13	1.20e11
1860	2.84e12	4.54e12	6.01e12	8.32e12	2.49e13	1.18e11
1865	2.82e12	4.50e12	5.96e12	8.24e12	2.47e13	1.16e11
1870	2.80e12	4.47e12	5.91e12	8.17e12	2.44e13	1.15e11
1875	2.78e12	4.43e12	5.86e12	8.10e12	2.42e13	1.13e11
1880	2.76e12	4.40e12	5.81e12	8.03e12	2.39e13	1.12e11
1885	2.74e12	4.36e12	5.76e12	7.95e12	2.37e13	1.10e11
1890	2.72e12	4.33e12	5.71e12	7.88e12	2.35e13	1.09e11
1895	2.70e12	4.29e12	5.66e12	7.81e12	2.32e13	1.08e11
1900	2.68e12	4.26e12	5.61e12	7.75e12	2.30e13	1.06e11
1905	2.66e12	4.22e12	5.57e12	7.68e12	2.28e13	1.05e11
1910	2.64e12	4.19e12	5.52e12	7.61e12	2.26e13	1.03e11
1915	2.62e12	4.16e12	5.47e12	7.54e12	2.23e13	1.02e11
1920	2.60e12	4.12e12	5.43e12	7.48e12	2.21e13	1.01e11
1925	2.58e12	4.09e12	5.38e12	7.41e12	2.19e13	9.94e10
1930	2.56e12	4.06e12	5.34e12	7.35e12	2.17e13	9.81e10
1935	2.54e12	4.02e12	5.29e12	7.28e12	2.15e13	9.69e10
1940	2.53e12	3.99e12	5.25e12	7.22e12	2.13e13	9.56e10
1945	2.51e12	3.96e12	5.21e12	7.16e12	2.11e13	9.44e10
1950	2.49e12	3.93e12	5.16e12	7.10e12	2.09e13	9.32e10
1955	2.47e12	3.90e12	5.12e12	7.03e12	2.07e13	9.20e10
1960	2.45e12	3.87e12	5.08e12	6.97e12	2.05e13	9.08e10
1965	2.44e12	3.84e12	5.04e12	6.91e12	2.03e13	8.97e10
1970	2.42e12	3.81e12	5.00e12	6.86e12	2.01e13	8.86e10
1975	2.40e12	3.78e12	4.95e12	6.80e12	1.99e13	8.74e10
1980	2.38e12	3.75e12	4.91e12	6.74e12	1.97e13	8.63e10
1985	2.37e12	3.72e12	4.87e12	6.68e12	1.95e13	8.53e10
1990	2.35e12	3.69e12	4.83e12	6.62e12	1.94e13	8.42e10
1995	2.33e12	3.66e12	4.80e12	6.57e12	1.92e13	8.31e10
2000	2.32e12	3.63e12	4.76e12	6.51e12	1.90e13	8.21e10

