x	y
0.033	-0.409
0.096	-0.419
0.000	-0.262
-0.001	-0.260
0.093	-0.453
-0.005	-0.126
-0.055	-0.372
0.010	-0.297
0.095	-0.477
-0.008	-0.147
-0.000	-0.261
-0.001	-0.311
-0.002	-0.223
-0.656	0.646
0.003	-0.220
-0.112	-0.443
-0.000	-0.263
-0.010	-0.152
-0.002	-0.285
-0.023	-0.376
-0.001	-0.125
0.003	-0.476
-0.002	-0.143
-0.003	-0.122
0.029	-0.339
-0.077	-0.405
-0.000	-0.265
-0.007	-0.228
0.000	-0.204
0.007	-0.132
0.074	-0.393
0.486	0.755
0.103	-0.425
0.010	-0.201
0.011	-0.298
-0.010	-0.206
0.043	-0.357
-0.003	-0.122
0.000	-0.231
-0.011	-0.160
0.001	-0.272
0.006	-0.131
-0.001	-0.189
0.006	-0.211
-0.003	-0.141
-0.012	-0.190
0.035	-0.463
0.010	-0.146
0.006	-0.154
0.005	-0.126
0.008	-0.186
0.022	-0.319
-0.003	-0.137
-0.002	-0.122
0.010	-0.333
0.003	-0.331
0.011	-0.167
0.001	-0.268
0.009	-0.167
0.004	-0.126
-0.039	-0.415
0.032	-0.372
-0.000	-0.120
0.024	-0.442
0.010	-0.192
0.001	-0.197
0.000	-0.261
-0.029	-0.450
0.010	-0.190
-0.005	-0.219
-0.017	-0.424
-0.001	-0.283
0.001	-0.214
-0.004	-0.444
0.019	-0.315
-0.011	-0.168
0.018	-0.317
0.006	-0.214
0.003	-0.274
-0.001	-0.157
0.001	-0.147
0.002	-0.397
0.004	-0.298
0.020	-0.332
0.007	-0.142
-0.008	-0.146
0.009	-0.223
0.001	-0.233
-0.024	-0.355
0.006	-0.433
0.001	-0.189
-0.004	-0.243
0.019	-0.352
-0.001	-0.267
-0.021	-0.360
0.066	-0.435
0.006	-0.135
0.091	-0.435
0.000	-0.210
-0.011	-0.205
-0.000	-0.266
0.006	-0.156
0.010	-0.186
0.002	-0.142
0.008	-0.144
0.000	-0.254
0.350	0.932
0.180	1.005
-0.116	-0.440
0.009	-0.172
0.005	-0.128
0.003	-0.240
0.031	-0.414
0.004	-0.234
-0.021	-0.346
0.002	-0.278
-0.002	-0.233
-0.001	-0.267
0.011	-0.160
-0.017	-0.308
-0.006	-0.297
-0.009	-0.150
0.009	-0.222
-0.080	-0.435
-0.001	-0.184
0.011	-0.196
0.011	-0.154
-0.000	-0.262
0.011	-0.197
0.023	-0.382
0.000	-0.190
-0.012	-0.180
-0.018	-0.357
-0.000	-0.136
0.011	-0.178
0.085	-0.411
0.126	1.020
0.001	-0.169
0.004	-0.141
0.023	-0.446
-0.004	-0.129
0.004	-0.241
-0.008	-0.139
-0.008	-0.210
-0.002	-0.369
0.005	-0.241
0.002	-0.223
0.010	-0.175
-0.606	0.787
-0.012	-0.170
0.005	-0.143
0.005	-0.327
0.005	-0.203
0.002	-0.133
-0.083	-0.412
-0.313	1.026
0.008	-0.182
-0.001	-0.121
-0.000	-0.120
-0.007	-0.349
0.026	-0.493
0.005	-0.241
-0.009	-0.206
0.001	-0.168
-0.011	-0.161
-0.007	-0.180
-0.011	-0.326
0.003	-0.201
-0.010	-0.409
0.005	-0.413
0.009	-0.186
-0.003	-0.204
-0.011	-0.168
-0.404	0.780
0.022	-0.325
-0.000	-0.193
0.066	-0.481
0.188	0.916
0.023	-0.335
-0.004	-0.146
-0.001	-0.177
-0.044	-0.356
0.021	-0.353
-0.004	-0.127
-0.002	-0.240
-0.028	-0.333
0.006	-0.137
0.005	-0.165
-0.000	-0.143
0.012	-0.177
0.010	-0.167
-0.000	-0.212
-0.004	-0.399
-0.012	-0.185
-0.122	0.964
0.000	-0.264
0.066	-0.393
-0.009	-0.334
0.007	-0.200
0.001	-0.268
-0.005	-0.190
-0.003	-0.251
-0.014	-0.312
0.007	-0.175
-0.010	-0.162
0.005	-0.237
0.001	-0.243
0.127	-0.443
-0.009	-0.190
0.005	-0.130
0.001	-0.268
-0.004	-0.244
-0.007	-0.133
0.001	-0.126
-0.007	-0.144
0.006	-0.223
0.008	-0.202
-0.016	-0.332
0.045	-0.358
-0.002	-0.285
0.005	-0.304
0.016	-0.311
0.005	-0.215
-0.011	-0.156
0.011	-0.179
-0.011	-0.159
0.007	-0.213
0.005	-0.127
0.003	-0.273
0.033	-0.377
-0.003	-0.236
-0.011	-0.325
0.018	-0.310
-0.006	-0.208
0.067	-0.393
-0.015	-0.333
0.007	-0.176
-0.002	-0.169
-0.002	-0.245
0.005	-0.136
-0.006	-0.293
0.006	-0.132
-0.001	-0.363
0.010	-0.308
0.161	-0.469
0.198	0.907
-0.003	-0.281
0.009	-0.162
0.001	-0.168
0.004	-0.322
-0.058	-0.375
0.006	-0.236
-0.017	-0.373
0.130	-0.459
0.000	-0.161
0.019	-0.343
-0.010	-0.171
-0.004	-0.248
-0.081	-0.403
0.004	-0.135
-0.067	1.081
-0.104	-0.479
-0.010	-0.188
0.001	-0.193
-0.006	-0.141
0.003	-0.248
0.003	-0.238
0.000	-0.162
0.016	-0.353
-0.002	-0.285
0.002	-0.133
0.008	-0.172
-0.009	-0.165
-0.001	-0.260
0.006	-0.195
-0.020	-0.359
-0.012	-0.168
-0.726	0.568
0.011	-0.180
-0.009	-0.219
0.121	-0.467
-0.001	-0.274
-0.001	-0.147
-0.006	-0.215
-0.001	-0.151
0.001	-0.125
0.006	-0.235
-0.078	-0.450
0.019	-0.324
-0.001	-0.275
0.571	0.852
-0.008	-0.208
-0.001	-0.236
-0.004	-0.124
-0.115	-0.473
-0.001	-0.215
0.046	1.083
-0.006	-0.150
-0.027	-0.332
-0.188	-0.482
-0.005	-0.127
-0.011	-0.192
-0.007	-0.305
-0.002	-0.129
0.008	-0.193
-0.677	0.673
-0.010	-0.216
-0.003	-0.275
0.003	-0.126
-0.013	-0.320
-0.001	-0.252
-0.009	-0.162
-0.638	0.710
0.001	-0.266
-0.002	-0.275
-0.412	0.876
0.012	-0.171
-0.006	-0.281
-0.005	-0.191
-0.000	-0.217
-0.010	-0.200
0.003	-0.405
0.056	-0.383
0.003	-0.123
0.004	-0.287
-0.293	-0.520
0.004	-0.123
0.011	-0.172
-0.005	-0.189
-0.003	-0.368
0.009	-0.210
0.557	0.721
0.008	-0.202
-0.168	-0.484
0.007	-0.188
0.005	-0.279
0.166	-0.467
-0.010	-0.153
-0.009	-0.140
0.010	-0.191
-0.007	-0.137
0.000	-0.242
-0.011	-0.184
-0.004	-0.236
0.000	-0.209
0.002	-0.150
0.003	-0.184
0.542	0.693
0.006	-0.142
0.001	-0.304
0.009	-0.340
0.049	-0.365
0.012	-0.188
-0.014	-0.353
0.002	-0.173
0.003	-0.123
-0.010	-0.205
-0.001	-0.174
-0.037	-0.360
0.012	-0.324
-0.011	-0.159
-0.002	-0.231
-0.008	-0.174
0.006	-0.282
0.083	-0.434
0.003	-0.214
-0.030	-0.339
0.000	-0.284
0.002	-0.216
-0.086	-0.466
-0.000	-0.263
0.002	-0.212
0.002	-0.274
0.008	-0.294
0.007	-0.182
0.017	-0.315
0.066	-0.390
0.005	-0.236
-0.008	-0.143
-0.000	-0.268
-0.009	-0.143
0.143	-0.451
-0.003	-0.133
-0.011	-0.197
0.000	-0.134
-0.002	-0.222
-0.049	-0.376
-0.011	-0.165
0.003	-0.127
-0.008	-0.170
-0.006	-0.167
-0.006	-0.240
0.067	-0.385
-0.032	-0.370
0.002	-0.189
-0.316	0.899
0.007	-0.206
0.010	-0.165
0.001	-0.141
0.009	-0.139
-0.028	-0.412
-0.054	-0.431
0.514	0.821
0.008	-0.165
-0.017	-0.310
0.002	-0.247
-0.002	-0.145
0.025	-0.381
-0.070	-0.464
-0.003	-0.226
0.037	-0.351
-0.522	0.835
-0.093	-0.446
0.003	-0.377
-0.505	0.766
0.002	-0.395
0.659	0.715
0.003	-0.236
0.005	-0.225
0.003	-0.290
-0.007	-0.221
-0.088	-0.417
0.022	-0.327
-0.067	0.889
-0.018	-0.314
-0.149	0.881
0.198	-0.495
-0.005	-0.243
0.040	-0.386
-0.001	-0.290
0.003	-0.209
-0.007	-0.217
-0.003	-0.219
-0.661	0.625
0.002	-0.278
0.012	-0.174
0.005	-0.244
-0.007	-0.161
-0.806	0.510
-0.009	-0.156
-0.009	-0.172
0.010	-0.207
-0.575	0.739
-0.006	-0.323
-0.015	-0.326
-0.006	-0.128
0.044	-0.411
0.003	-0.133
0.001	-0.136
0.007	-0.150
-0.078	-0.453
-0.001	-0.252
0.002	-0.257
-0.007	-0.210
0.055	-0.390
-0.009	-0.301
-0.027	-0.362
-0.008	-0.137
0.073	-0.416
-0.155	-0.463
0.001	-0.276
0.001	-0.260
-0.005	-0.238
-0.014	-0.304
0.000	-0.248
0.000	-0.232
0.002	-0.205
-0.012	-0.173
-0.022	-0.327
0.002	-0.285
-0.011	-0.154
0.042	-0.389
0.087	-0.406
0.004	-0.183
0.006	-0.240
-0.003	-0.168
-0.006	-0.240
-0.000	-0.264
0.011	-0.177
0.018	-0.343
0.006	-0.221
-0.010	-0.199
-0.011	-0.311
-0.042	-0.421
0.006	-0.191
0.070	-0.409
0.039	-0.356
0.002	-0.126
-0.012	-0.177
-0.007	-0.190
-0.013	-0.332
0.084	-0.454
-0.010	-0.147
-0.031	-0.344
-0.029	-0.347
-0.022	-0.336
0.057	-0.374
0.003	-0.294
-0.005	-0.283
-0.020	-0.317
0.574	0.801
0.001	-0.256
0.004	-0.286
-0.003	-0.331
0.004	-0.217
-0.710	0.588
0.050	-0.377
0.007	-0.147
-0.001	-0.257
0.001	-0.168
0.011	-0.190
-0.050	-0.367
0.424	0.934
0.378	0.927
-0.014	-0.415
-0.085	1.014
-0.005	-0.173
0.013	-0.406
-0.010	-0.162
0.007	-0.205
0.005	-0.279
-0.003	-0.241
-0.007	-0.286
-0.002	-0.237
-0.002	-0.247
-0.009	-0.151
0.064	-0.492
-0.025	-0.359
-0.005	-0.125
0.002	-0.252
0.010	-0.212
-0.001	-0.277
-0.003	-0.272
-0.214	1.010
0.021	-0.353
-0.001	-0.278
0.005	-0.135
-0.004	-0.136
0.012	-0.175
0.075	-0.493
0.003	-0.274
-0.026	-0.479
-0.007	-0.132
0.014	-0.374
-0.000	-0.425
0.090	-0.424
-0.008	-0.185
0.011	-0.183
0.006	-0.220
0.023	-0.379
0.031	-0.364
0.088	-0.459
0.009	-0.291
0.007	-0.365
0.000	-0.260
-0.003	-0.232
0.003	-0.212
0.012	-0.166
0.000	-0.253
0.010	-0.168
0.004	-0.124
0.021	-0.405
0.003	-0.274
-0.046	-0.456
0.001	-0.252
0.012	-0.178
-0.012	-0.306
0.002	-0.235
-0.004	-0.245
-0.001	-0.241
-0.135	1.067
-0.003	-0.218
0.003	-0.230
0.009	-0.223
0.046	-0.388
-0.098	-0.492
-0.071	-0.459
0.005	-0.125
-0.040	-0.360
-0.017	-0.309
-0.001	-0.209
-0.001	-0.239
0.001	-0.273
-0.002	-0.224
0.030	-0.337
0.001	-0.217
0.003	-0.252
-0.005	-0.342
-0.000	-0.256
0.021	-0.317
-0.008	-0.142
-0.003	-0.144
0.003	-0.237
-0.021	1.007
0.012	-0.182
-0.004	-0.181
-0.002	-0.162
-0.002	-0.124
0.003	-0.122
-0.057	1.087
0.022	-0.344
-0.006	-0.140
0.004	-0.230
0.006	-0.223
0.012	-0.309
0.004	-0.239
0.129	-0.478
0.018	-0.315
-0.001	-0.251
0.011	-0.158
-0.005	-0.129
0.001	-0.183
0.075	-0.434
-0.003	-0.129
0.002	-0.125
0.007	-0.296
0.001	-0.232
-0.010	-0.203
-0.011	-0.328
-0.002	-0.297
0.028	-0.342
0.013	-0.308
-0.010	-0.157
-0.001	-0.375
-0.007	-0.146
-0.068	-0.484
0.084	-0.421
0.001	-0.168
0.001	-0.239
0.001	-0.183
0.010	-0.150
-0.034	-0.350
-0.020	-0.324
0.004	-0.362
-0.005	-0.154
0.095	0.947
0.030	-0.335
-0.002	-0.250
-0.002	-0.301
0.018	-0.314
0.004	-0.246
0.001	-0.261
-0.003	-0.157
0.003	-0.200
-0.004	-0.184
-0.011	-0.307
0.010	-0.311
-0.007	-0.284
-0.009	-0.165
-0.009	-0.195
-0.076	-0.395
0.006	-0.157
0.010	-0.187
-0.008	-0.192
0.007	-0.369
0.005	-0.126
0.004	-0.136
0.011	-0.176
0.000	-0.263
0.008	-0.212
0.005	-0.130
-0.011	-0.203
0.010	-0.211
-0.021	-0.335
0.009	-0.145
-0.002	-0.122
-0.003	-0.243
-0.028	-0.342
-0.005	-0.233
-0.203	1.062
0.004	-0.206
0.000	-0.262
-0.006	-0.291
0.003	-0.249
0.010	-0.204
-0.535	0.859
-0.052	-0.385
-0.007	-0.175
-0.009	-0.143
-0.021	-0.332
0.001	-0.267
0.004	-0.248
-0.008	-0.138
0.005	-0.241
0.012	-0.307
-0.008	-0.141
0.002	-0.220
0.216	-0.494
-0.007	-0.223
-0.025	-0.372
0.008	-0.309
0.001	-0.280
-0.007	-0.162
0.117	-0.442
-0.028	-0.330
-0.006	-0.199
0.027	-0.387
0.007	-0.131
0.242	0.996
-0.005	-0.333
-0.021	-0.318
0.005	-0.125
0.035	-0.369
-0.007	-0.341
0.009	-0.223
-0.000	-0.173
0.005	-0.161
-0.003	-0.127
-0.010	-0.196
0.004	-0.191
-0.042	-0.420
0.005	-0.219
-0.005	-0.232
-0.005	-0.166
-0.011	-0.152
0.002	-0.130
-0.007	-0.166
-0.036	-0.355
-0.758	0.548
-0.002	-0.121
0.009	-0.289
0.004	-0.124
0.027	-0.350
-0.003	-0.181
0.005	-0.237
-0.040	-0.399
0.043	-0.437
0.025	-0.452
-0.002	-0.208
-0.000	-0.128
0.012	-0.174
0.000	-0.279
0.001	-0.277
0.031	-0.362
0.002	-0.363
-0.012	-0.174
0.025	-0.343
-0.014	-0.327
-0.011	-0.157
0.151	1.028
0.001	-0.129
-0.005	-0.284
0.030	-0.383
-0.033	-0.345
-0.007	-0.132
-0.018	-0.316
0.079	1.010
-0.006	-0.140
-0.000	-0.334
0.008	-0.148
0.004	-0.278
0.006	-0.157
-0.009	-0.144
-0.009	-0.165
0.002	-0.153
0.004	-0.308
0.009	-0.180
-0.048	-0.458
-0.002	-0.153
0.001	-0.281
-0.003	-0.250
0.001	-0.279
0.052	-0.366
-0.009	-0.173
0.056	-0.372
0.001	-0.239
0.013	-0.299
0.003	-0.291
-0.006	-0.157
-0.002	-0.207
0.007	-0.131
-0.006	-0.211
0.001	-0.120
0.006	-0.226
0.012	-0.297
0.006	-0.156
-0.008	-0.144
-0.001	-0.193
-0.081	-0.403
-0.185	-0.477
-0.001	-0.269
-0.044	-0.392
-0.008	-0.173
-0.038	0.687
0.082	0.968
-0.051	0.699
0.081	0.923
-0.066	0.708
0.065	0.680
0.101	0.701
0.043	0.761
-0.051	0.767
-0.053	0.757
-0.096	0.703
-0.278	0.786
0.023	0.779
0.100	1.017
0.032	0.742
-0.063	0.682
-0.020	0.743
-0.104	0.805
0.121	0.759
0.054	0.681
-0.186	0.752
0.139	0.781
-0.143	0.825
0.119	0.754
-0.030	0.711
-0.167	0.783
0.065	0.704
-0.085	0.687
-0.216	0.830
0.095	0.842
-0.316	0.756
-0.050	0.676
-0.177	0.791
0.185	0.727
0.119	0.728
-0.011	0.668
-0.167	0.717
0.096	0.715
-0.064	0.919
0.199	0.727
0.185	0.765
-0.010	0.705
0.174	0.731
0.360	0.766
-0.006	0.684
0.137	0.750
-0.628	0.690
-0.024	0.682
-0.052	0.795
0.026	0.669
0.138	0.743
0.050	0.811
-0.016	0.668
0.011	0.679
0.051	0.712
0.261	0.734
-0.017	0.679
0.048	0.705
0.113	0.867
-0.003	0.810
-0.374	0.893
0.115	0.820
-0.038	0.686
0.004	0.722
-0.069	0.683
-0.135	0.705
-0.129	0.803
0.143	0.751
-0.231	0.735
0.037	0.734
-0.218	0.799
0.619	0.705
-0.023	0.740
-0.025	0.689
0.006	0.711
0.009	0.667
0.079	0.724
0.270	0.739
0.089	0.919
-0.022	0.706
0.042	0.798
0.003	0.941
0.109	0.743
0.153	0.730
0.059	0.818
0.051	0.679
-0.046	0.711
0.064	0.852
0.045	0.757
-0.092	0.782
-0.184	0.729
-0.148	0.762
0.041	0.679
0.285	0.735
0.037	0.677
-0.110	0.848
-0.129	0.704
-0.100	0.693
0.124	0.706
0.117	0.831
0.322	0.831
0.103	0.870
-0.079	0.782
0.151	0.739
0.096	0.851
0.023	0.678
-0.030	0.673
-0.127	0.725
0.191	0.802
0.006	0.667
0.001	0.720
0.010	0.687
-0.009	0.780
0.037	0.671
-0.218	0.744
-0.072	0.714
0.135	0.706
-0.390	0.729
-0.018	0.718
0.122	0.751
-0.077	0.684
0.240	0.831
-0.059	0.683
0.058	0.700
0.052	0.686
-0.083	0.774
-0.117	0.711
-0.169	0.716
0.128	0.728
0.191	0.935
-0.220	0.841
-0.502	0.867
-0.199	0.774
0.035	0.727
0.238	0.804
-0.101	0.696
-0.076	0.809
0.085	0.687
0.217	0.753
0.049	0.679
-0.036	0.735
0.019	0.686
-0.200	0.742
-0.379	0.976
0.080	0.797
0.189	0.736
-0.081	0.758
-0.023	0.690
-0.234	0.745
0.050	0.711
-0.458	0.759
-0.196	0.807
-0.253	0.759
0.016	0.681
0.052	0.918
-0.488	0.788
0.014	0.714
-0.069	0.719
0.093	0.690
0.052	0.693
-0.665	0.704
0.025	0.675
-0.018	0.709
-0.228	0.730
0.040	0.690
0.007	0.674
0.023	0.670
-0.136	0.707
-0.034	0.679
-0.080	0.686
-0.066	0.768
0.308	0.742
-0.068	0.690
0.021	0.687
-0.288	0.870
0.061	0.679
0.029	0.802
0.127	0.732
0.054	0.731
0.028	0.669
0.002	0.675
-0.015	0.671
-0.086	0.697
-0.074	0.695
0.059	0.679
0.054	0.677
-0.338	0.735
-0.036	0.742
0.047	0.674
0.223	0.906
0.064	0.733
-0.123	0.723
-0.272	0.744
0.343	0.738
0.005	0.708
-0.064	0.804
-0.147	0.736
0.021	0.673
-0.021	0.748
0.090	0.711
0.111	0.722
-0.180	0.787
0.046	0.685
0.213	0.907
-0.113	0.808
0.031	0.690
-0.405	0.977
0.120	0.711
0.097	0.765
-0.360	0.762
-0.147	0.710
-0.398	0.728
0.065	0.865
0.004	0.666
0.089	0.762
0.338	0.738
-0.211	0.733
-0.066	0.868
0.060	0.711
-0.056	0.775
-0.264	0.845
-0.011	0.668
-0.000	0.696
0.426	0.902
-0.077	0.694
-0.035	0.671
0.028	0.815
-0.048	0.680
-0.037	0.672
0.036	0.673
0.031	0.803
0.235	0.975
-0.228	0.754
0.093	0.785
-0.009	0.668
0.121	0.882
0.037	0.828
-0.021	0.714
-0.067	0.936
0.229	0.730
-0.299	0.758
-0.390	0.735
-0.405	0.727
-0.176	0.854
-0.137	0.753
0.022	0.674
0.055	0.807
-0.053	0.676
0.206	0.740
0.197	0.723
0.173	0.777
-0.272	0.890
-0.150	0.724
0.026	0.855
0.149	0.819
-0.091	0.726
0.078	0.685
-0.171	0.717
0.014	0.680
0.026	0.681
0.008	0.666
0.108	0.708
0.024	0.793
0.023	0.884
-0.165	0.767
0.178	0.729
0.123	0.727
0.029	0.764
0.010	0.780
0.100	0.748
-0.040	0.674
0.188	0.721
0.284	0.780
-0.231	0.730
-0.043	0.734
0.103	0.747
0.178	0.722
-0.036	0.673
-0.201	0.726
0.108	0.696
0.135	0.751
0.299	0.756
-0.115	0.729
0.012	0.730
-0.280	0.844
0.006	0.791
0.246	0.804
0.154	0.724
0.276	0.799
-0.028	0.713
0.035	0.712
-0.024	0.671
0.097	0.697
0.136	0.852
-0.011	0.721
0.127	0.815
